1.055935811496016286e-01,-7.785991695828611836e-02,-2.087918080288489464e-01,-1.756604246589573703e-01,1.985563983355654594e-01,-9.602508064188028380e-02,-7.115108179225825003e-02,-4.136312330585491769e-03,-1.080110698678777709e-01,1.978848789209306305e-02
-3.589230570677445775e-02,-1.884830244427510293e-01,-1.835083063762303901e-01,-2.544880909555036763e-01,2.205001394615202504e-01,1.971217061251348546e-01,8.242440689274334320e-02,3.522421596792584264e-01,-2.335909817248181530e-02,-1.888048118577912993e-01
2.599494423155529477e-01,-1.948980407813734328e-01,8.142757165694702870e-02,2.929972255348644444e-02,-9.139214452830400626e-02,9.018091740901203190e-02,-1.318747858426782757e-02,-6.087722963204533072e-02,2.701200385785773594e-01,-1.999830946153195732e-01
1.109157164867873857e-01,8.472726682105088947e-02,-2.223430926566213051e-01,-5.500132361852468066e-02,2.026245625767757463e-01,6.610457130047734872e-03,6.595532192202006871e-02,-2.010128693028423730e-01,-2.742042378200420724e-02,1.489671301257185498e-01
-7.451507723106903791e-02,-1.956316085637929969e-01,-8.355076898783898864e-02,-3.286333041422550005e-01,-1.423731469395158045e-01,-1.482733934034311807e-01,-1.796841705241516984e-01,1.248212873989103799e-01,-3.337850650054653423e-01,-1.658820240720090544e-01
-3.477464739478760333e-03,2.331675775591193767e-01,1.980444384921678513e-01,1.531951903684732330e-01,-1.475308056122177636e-01,4.010076096609644335e-03,-1.280623805079506017e-01,-1.252686325174825754e-01,1.521571412580712823e-01,-2.556086020617341914e-01
-1.598287400469924346e-01,3.296622002996803941e-02,1.769701334100780288e-01,6.937741021052187818e-02,1.075644213705880398e-01,-1.452987729731319289e-01,-8.851731096813489352e-02,1.034165113033709144e-01,-1.110756501282857689e-01,1.623313022400682537e-01
1.530463388011955028e-01,1.661333117414268423e-01,-8.943195790832252079e-02,-2.221635602666016118e-01,6.505084000160404889e-02,5.810219216418398974e-02,8.474951565618835114e-02,1.969300731446192998e-01,6.531042211222801153e-02,-6.975273424434545733e-02
1.403905319742422856e-03,2.451520337360304502e-01,7.991288784181216354e-02,-1.323282398613344346e-01,-3.077296009073829733e-02,-1.195142051912082524e-02,-8.194208421962899391e-02,-1.978889767922327736e-01,-8.876871288018939321e-02,9.304884914897267045e-02
-1.731498938774706231e-01,2.369432737139851031e-01,-1.502416887889798103e-01,-3.279067435370212058e-01,4.915014988721184974e-02,-2.060578882302128712e-01,2.864231164990899137e-01,1.392987543228928204e-01,2.025370186815629303e-01,2.519763555494298202e-01
1.246255055504121301e-01,3.067276383575108512e-02,-1.718468169331275608e-01,-1.632831011239909702e-01,-1.762047381895987253e-01,2.074316585022763573e-02,-4.417067846883641902e-02,2.415629369197006548e-01,2.467076008896929712e-02,-6.283908436344326498e-02
2.249536650149546735e-01,-7.796002310952243608e-02,-3.394494279334108744e-01,-3.925460086609594557e-02,4.524585615442827148e-03,8.306026561349381943e-02,8.316274911367871336e-02,4.610142574791441239e-03,-1.132381675988319292e-01,-2.093401804993685611e-01
1.798190844028150770e-01,2.640177883823895955e-01,-1.286527325432736124e-01,-9.537490579902410670e-02,1.039481740118899100e-01,2.124508694890441252e-01,1.403650744138772166e-01,1.959371805244769227e-01,1.351622216594702830e-01,1.116526113967755279e-01
1.086451022012171058e-01,-7.322543679446284759e-02,1.414171965056599811e-01,4.514193631789809730e-02,2.495205716487493286e-01,1.009347605018568322e-01,1.537207760090959774e-01,-1.394746251119897695e-01,-9.125653543750311680e-02,1.467908572225931803e-02
-1.144305848493125388e-01,-2.136676663262188081e-01,-1.892040804991523828e-01,1.725978326385143452e-02,1.566461311084070551e-01,-6.409978840077382167e-02,-1.012595716667275131e-01,-5.624884122032924177e-02,5.853049412866958429e-03,1.927533712578995695e-01
-1.180389545702257431e-01,-4.264344094130900764e-02,-1.302295712368569114e-01,-1.191156076333883262e-01,-1.649558370643898209e-01,6.841135869316709861e-02,-1.642433911623531750e-01,-7.937661575588492169e-03,2.384418875280128747e-01,9.082526088466989778e-02
-1.011169498727368388e-01,1.472699805959226393e-01,1.858418123736546579e-01,2.031693852072173900e-01,1.803280272072032564e-01,1.398309678859002425e-01,8.139964501196532420e-02,-1.142352242698760484e-01,-5.992046839863828661e-02,-1.787680946955519656e-01
2.243797426870760836e-01,2.076343171003440236e-01,3.591703330270685710e-03,2.390468123164775083e-01,4.011305978461494198e-02,-1.639520417868277624e-01,-1.839555383293431101e-01,-1.058478315676112669e-01,-8.851844819116243268e-02,6.770792201024807000e-02
-1.360362458503046601e-01,1.594909917722780179e-01,1.119390487226047809e-01,-5.024134030977571441e-02,-2.559930715138105106e-01,6.761631547537300113e-02,2.016289372879133956e-01,-1.225623238116862468e-01,2.547399496762862148e-01,1.412099857137307513e-01
-3.201120899643090240e-02,-1.920516767314418560e-01,1.207438006372638373e-01,-4.290794445908686916e-02,1.674299795452625916e-01,1.312977510589868370e-02,-1.865116891449188630e-01,5.088057121680705785e-02,-3.317689042596815713e-02,2.588110498315445152e-01
-1.691006074711137036e-02,5.503511395092212238e-02,-6.479246720598986001e-03,4.523988577136655448e-02,2.117283795291772797e-01,9.891275084428022280e-02,1.076361056230028257e-01,1.795412112859232634e-01,2.620272947278569631e-01,-7.611368448289225486e-02
-6.917489636248964902e-02,-7.686879703118461304e-02,1.046547295568203001e-02,-1.154753404915604409e-01,-9.105948858578438720e-02,-5.505078829848033400e-02,-1.718527111242858230e-01,-2.012166483250479310e-01,-1.188620210243054864e-01,-1.479452824590841153e-01
3.343007373823708023e-02,-2.009370998695960420e-01,-1.430694824211183047e-01,-1.074950392342347155e-01,-1.919241533159505297e-01,-2.574729862952336856e-01,5.118764817513585252e-02,3.756280020459056707e-02,1.855351932921470992e-01,3.044097902965535174e-01
5.509946199923183852e-02,7.038268220598838110e-02,1.085069525099852106e-01,1.938276399308716536e-01,1.326821733415113613e-01,-6.369656010736537977e-02,-7.147946140617504607e-02,-7.535755847015816744e-02,1.783795125762768219e-01,1.644972862276601333e-01
-1.082525955657314964e-01,-8.292359507402262409e-02,-1.481830479017840485e-01,-3.056232581788757563e-01,5.080813211881266694e-02,2.971415053746284674e-01,1.020357989178996387e-02,-9.121201130057438045e-02,2.925177261715835031e-01,2.817568644989430493e-01
-2.020319338119316577e-01,-1.492166800882812339e-01,1.671954182771779804e-02,1.263185245466219853e-01,3.013790600396349939e-01,-1.505840668453803100e-01,3.682846091148233025e-01,1.678321333650770464e-01,7.719345365708370210e-02,-1.977874768977550268e-01
-1.423664158597530982e-01,-2.303894587106205399e-02,8.988018144217548022e-02,-1.566208933462895914e-01,1.356851663891835147e-01,-1.059065205777434543e-01,-2.669724660887815570e-01,9.589732470871134562e-02,-2.194206279492092737e-01,1.369571384181028362e-01
3.255787667738153229e-02,2.672886999227436222e-01,1.480914804716640110e-01,1.808299410670360929e-01,1.938168405234671765e-01,2.471656489875509455e-01,1.069825937656959519e-01,1.405769856156479924e-01,-4.644159299294187138e-02,5.551860501287824660e-04
2.291314681325061844e-02,9.269460114062039180e-02,-1.953098873185083462e-01,2.015382398364610472e-01,2.074935902129714793e-01,-9.025820405831677662e-02,1.761454886350417581e-01,4.195589047605995103e-02,1.153698331353253254e-01,2.318081281067594090e-01
-3.213419402891367488e-02,2.875776574116222783e-01,-4.742534062665210853e-02,1.770404686615567047e-01,2.371523806331989337e-01,3.081777315455127564e-01,2.947662933480099112e-01,8.402399121612763588e-02,2.583564203612425669e-01,1.953434011953530947e-01
-3.147777720588962325e-02,-1.841708209033838251e-01,-1.374446713837705059e-01,2.616425018376816736e-01,-2.354770704664061950e-02,-8.250312646645562020e-02,-1.080817812670405581e-01,-1.203222475414580245e-01,3.120969733947093899e-02,6.037865162108808047e-03
2.725554629277839730e-02,1.798724681256304581e-01,-3.821288033382115590e-02,-1.690672010061723962e-01,-1.711768417404312959e-01,6.393275933104622388e-02,-4.641054508179554700e-02,-1.759710653723280463e-02,-4.897417073016556432e-02,-1.392832973385712825e-01
-3.124031788030357665e-02,-2.184087944605267728e-01,1.149934462586222200e-01,-6.217800304748135470e-02,-2.982691722653614819e-01,1.227161874615634723e-01,3.038057012353578834e-01,1.510374881842670991e-01,-3.058803511731230662e-01,1.833342456768526363e-01
-4.917952028664063918e-02,-2.305629172529886084e-01,-2.681294985441629031e-01,2.647771449211232166e-03,1.238293045498693457e-01,4.512074867215756097e-02,1.812761093254751377e-01,2.090601537295354306e-02,-3.626057380096884275e-01,-1.686843413593005769e-01
-1.027523777464736388e-01,7.806178839424168792e-02,4.679025460202396181e-02,2.243263684255447088e-01,8.992507319255971243e-02,-2.219742089911990943e-02,-7.047415183022189000e-03,-1.019656793924863560e-02,1.946355539067950655e-02,-1.155829852832528093e-01
-8.610968430011986530e-02,-1.706106407008416148e-01,-3.105214506427432242e-01,-1.961958331882811268e-01,-1.383630928378760117e-01,-3.363377493249280481e-01,-2.069699843458369382e-01,-1.079033585215110197e-01,9.881984736623511401e-02,-5.013718579341795711e-02
-9.333768206106954346e-02,2.136814050070194940e-02,-1.141644206935040762e-01,7.677917737066634885e-02,-9.211984295608305340e-02,3.191801345911422505e-01,9.120470141422165958e-03,9.720839723516772751e-03,-2.008923669072362472e-01,7.497017450370967173e-02
-2.402725232556935930e-01,3.197431817014165234e-02,-5.006632667965164180e-02,3.484944212109030715e-01,-2.579490539812627770e-01,-5.547315631088656218e-02,-4.023721061856454922e-02,1.177475794186124275e-01,-2.942976254386634946e-02,2.279416478817767322e-01
2.186369951781469700e-01,3.893187835729601531e-02,3.149443154453949179e-01,-2.283656433398179308e-01,-2.081532094628245899e-01,3.111562166015823666e-02,-7.996920457524565873e-02,-2.103877733980424880e-01,2.357375266850377654e-02,8.872205618216544992e-03
-9.101886341193445029e-02,-2.402886758820345081e-01,-2.520927295457370820e-01,-4.426150526418936443e-02,-2.498114334674891163e-02,1.268244192395442949e-01,-1.572298320166426733e-01,-2.279300646878882064e-01,1.917275109873531891e-01,-3.728060612252323547e-01
5.224605773846055512e-02,7.540311686192822938e-02,-2.348025444407629558e-02,3.249314614742673246e-01,-1.136571911877062718e-01,3.877194589876120645e-02,-2.928546264872794111e-02,-1.268154168401336712e-01,1.616038105620769272e-02,-1.014095258870342242e-01
-1.696640651602326910e-01,2.099226279735349476e-01,-4.629978988321534900e-02,7.236048008983664293e-02,-2.508464551422131539e-01,1.236291833042816729e-01,-7.799848039712457826e-02,7.261937329241831274e-02,6.698155644280348381e-04,6.337301872438252937e-02
4.077636831776820792e-02,1.217798361888494524e-01,-2.134131972581745085e-01,-2.110020567700524319e-01,-9.694541691000994887e-02,-1.252222490117449183e-01,8.126774906379322094e-02,3.534619333048721196e-02,-2.414081721474645517e-02,2.498235275368850677e-02
-7.957150331355956896e-02,-1.162355306406399752e-01,-9.387267250267663501e-04,-3.419687816669156333e-02,3.139185417844736481e-01,7.957057989431617906e-02,-9.090515025982118247e-02,1.940978855061137043e-01,1.324140075376981918e-01,-1.088376792364281927e-02
7.282919699579533390e-02,-1.894294303676671625e-03,1.797724720236744123e-01,7.152930877132586407e-02,-2.014519711556738146e-01,-9.839020373204167280e-02,1.091210004702533320e-01,-2.084147279642586947e-01,-1.213601629143904320e-01,9.357687895130610556e-02
-1.617862609379340788e-01,-1.850643852721720328e-01,-2.283933576664769760e-01,-1.693294835706314061e-01,-9.726501004805727935e-02,-1.325147228608786025e-02,5.830087625352416841e-02,3.449114998720496927e-02,7.066062603034964362e-02,8.057316013307547209e-02
-1.019295745613480603e-01,1.756937163512432287e-01,1.229813545966314953e-01,-1.606095016689883248e-01,-1.146915769790149836e-01,-9.978455442835167111e-02,-2.114886577978815699e-02,-5.843756254654437071e-02,-2.850166736545988733e-01,1.242102521320353620e-01
7.124671051699431323e-02,1.534053136338185686e-01,1.070718317654044925e-02,1.344092218837465158e-01,-8.545660010369023063e-02,-6.337096740869273270e-02,-1.982177140101372137e-01,-1.096345678283584812e-01,3.429891072388788764e-01,-9.043293867975078781e-02
4.509346192371505718e-02,-7.500065172686459086e-03,1.988736748855239253e-02,1.487959414957773230e-01,-2.926196024018440020e-02,-8.688731748430182644e-02,2.760320706716583652e-02,-4.276291407559653507e-02,3.946741779849289450e-02,-1.944871167997780706e-04
9.875845414585013304e-03,-4.322861338933830545e-03,3.762399243476163835e-02,1.553856830829244973e-01,-7.708532428905320866e-02,-2.595559312536436236e-01,2.707983055730032174e-01,-5.474821629260853868e-03,-4.487374704112422757e-02,-8.459655238551399073e-03
3.199716115271638434e-02,8.293993980403566169e-02,8.620080352655229428e-02,-2.304706513398838419e-01,-7.572397959133486678e-02,-1.637671343865511608e-01,9.251311961906004411e-02,1.063508567253352577e-01,-8.565226900607333937e-02,-4.332280965290417896e-02
-3.873950536805686323e-02,-1.625944134584841050e-01,2.065735421778839009e-01,1.821713531741352698e-01,6.758568053945321341e-02,-1.766156029720999110e-01,1.995233288793848425e-01,2.112325298918465155e-01,-1.693030507907320736e-01,-2.630542861385546938e-01
-1.305033547296835864e-02,1.392351510263852010e-01,-2.737717616700588354e-03,-1.587027742442103651e-01,-1.757696299571641918e-01,2.408576686021836333e-01,2.475213145342433294e-02,6.934836409576447536e-02,5.158555858684189810e-02,-5.576068719060339740e-02
-2.442975976025401064e-01,1.877893133921103852e-01,1.950335617798917842e-01,-2.943839661724146906e-01,1.742861607080696540e-01,-1.716297938922539401e-01,1.731905843900797271e-01,-1.830553381708266703e-01,2.968786813546676617e-01,6.235951018864574480e-02
1.831561734724128365e-01,-2.716266155295468665e-01,7.535611896894452155e-02,7.725795652928872659e-02,-1.983873247202247170e-01,-2.651339024439224867e-01,-2.016774839562871235e-01,-2.096832543036882684e-02,8.125801171529639655e-03,1.991147942895828693e-01
8.207630480537965456e-02,-1.812366746439322551e-01,-3.845053290971546800e-01,4.994923536189883884e-02,-1.111055292488976054e-01,5.841571839659674692e-02,-6.407302363814718071e-02,-1.675088099836593292e-01,4.833418789290919865e-02,-1.557937973916785068e-01
-8.057661041356134479e-02,2.033012556463216214e-01,-2.246084631290077849e-01,1.033636043338607806e-02,2.191483736342965671e-01,4.662658417193013549e-02,-2.717520727707485317e-01,-2.642848420788736497e-01,9.912660216472397867e-02,2.763834419522790409e-01
2.248064982001354573e-01,-2.207551506596786839e-01,2.982277810183928679e-01,2.275838638298935679e-01,2.172844924453345150e-01,1.041437273437137573e-01,-2.324514563697867298e-01,-9.336408121157366291e-02,-1.113669567847648117e-01,2.037036378935447034e-01
-6.660589086253944358e-02,2.461723512284974824e-01,-1.133792490547636672e-01,4.535695259983380662e-02,-2.592978900640237616e-01,-6.009409986995611908e-02,-2.541360074714349992e-01,4.135952098540792571e-02,-2.122924591590937826e-01,-4.011792125899763840e-03
-6.939885848323465445e-02,-8.606185187434732542e-02,-3.600400650642551770e-02,-2.215501157495210205e-01,-1.029277151960115155e-01,1.093591596318142928e-01,-6.818117744730538277e-02,1.278085865909006080e-01,1.690684500604886509e-01,3.916288922841108799e-02
-7.880884206342898823e-02,-3.580564854397758068e-02,-8.134380229004228640e-04,1.125216574753261506e-01,-2.941448369851005773e-01,-2.128507366481331708e-02,4.504055511235589837e-02,-2.007154179362427848e-01,-1.561279856384914511e-01,-4.018065461869345205e-03
1.376096764355261848e-01,1.479541934443766582e-01,1.072159976878321319e-01,-1.782510503434304727e-01,-3.995745779272784348e-02,1.551314248763014658e-01,1.147524245168676967e-02,1.288784284446692352e-01,-7.249940492210329990e-02,-2.693743912193147239e-02
-2.443035778900103927e-01,-1.616844241377621005e-01,3.880193533491146929e-02,6.116163340716000707e-02,6.149659613226519939e-02,-1.319525489051481815e-01,7.921781505641174725e-02,4.716419363940396736e-02,2.677697462407908624e-01,-3.242784407877392083e-01
2.450728732731744519e-01,1.641225088460453729e-01,-1.797397392825509366e-01,-2.277759259956294302e-01,1.017069922828409412e-01,-7.053412916418638767e-02,-8.498642300404493644e-02,-2.424570328542027808e-02,-2.130993542083672587e-01,-1.703841542725560987e-01
-2.037489473178529797e-01,-1.940780364590857787e-01,-1.889833291832324624e-01,-3.593834787179994023e-02,1.161361679926393997e-01,8.145570093175928672e-02,-6.252840290436778581e-02,-2.058260152621288752e-01,2.672352650377256000e-01,3.916942635244752280e-02
-1.057941154728766903e-01,1.503438676598737450e-02,3.980105283393563231e-02,-9.431702363406024858e-02,-1.564012064492268511e-02,-2.199706962455795778e-01,1.245824967802744015e-01,-1.913265409831540337e-02,-1.714220011328269344e-01,2.308427431004784480e-01
1.950251853098464994e-01,-1.174350485867139832e-01,-2.430661120500130223e-01,-3.248067023985209412e-01,-5.993079062334066842e-02,-2.966513737952439222e-01,1.442993994983116091e-01,-1.527685390697966494e-01,1.137594654920218440e-01,-1.867580861880657472e-01
5.485089237279379415e-02,-7.952340604983729189e-02,1.914555139021358876e-01,1.267366549339772885e-01,2.177916610480285231e-01,-1.028309143625872890e-01,3.271132465081138530e-01,3.247826613284329755e-01,9.756062491090247701e-02,8.778349396552861950e-02
1.815198357612791691e-01,-1.531139143271605281e-02,-1.817690324705890370e-01,1.944111437883841720e-01,-9.088721699761337369e-02,-3.381246274910058164e-02,1.743331574681317164e-01,1.234628418762881083e-02,3.106473481180184893e-03,-1.022126830538136327e-01
-9.237606161610745215e-02,-4.900437273794759629e-02,-1.516087570994364697e-01,-1.657088402184827280e-01,7.389899531093148399e-02,8.376372536199912233e-02,1.272155276337584018e-01,-2.412861230574346871e-01,-8.011836620348014582e-02,-2.733274426959069192e-01
-1.378295310349598179e-01,3.833443762256431853e-02,1.919935145791282216e-02,-1.360592097507390408e-01,-3.119963039362779605e-02,9.090420149989925092e-02,2.462549039179598789e-02,-1.260486042723650002e-01,-1.705575332578426473e-01,-3.661412891130875202e-01
-9.187258639830184204e-02,-7.763886214857065871e-02,-2.638712937307413284e-02,1.445913601886504862e-01,1.785537424465824530e-01,1.108734560677552689e-01,-1.055080739485126685e-02,-2.985778546956274065e-02,1.327830600022442409e-01,5.474526973564448895e-02
8.512749622101258018e-02,2.302133855850992672e-01,-2.378531298667726501e-01,1.734809534782532359e-01,6.142517933200913362e-03,1.109340510685144915e-01,7.199387089382756899e-02,-2.009525736040985999e-01,4.340055019895860955e-02,1.087989049461827729e-01
6.213717097045513837e-02,9.219813954722408389e-02,-9.240070086351827305e-02,1.192724638317649577e-01,-1.154382045935779671e-01,-3.557980305617192834e-02,1.670229884652842389e-01,7.205673913686837240e-02,1.882432384086042687e-01,-1.849116995950272069e-01
-5.632443703371405735e-02,-2.270978262197932140e-01,-7.684138685302019378e-02,8.108927920660942423e-02,-2.775554840708036042e-02,-2.670756726971107997e-01,-2.478256966314099363e-01,1.057200768045526429e-01,-2.570314678815411313e-01,-6.248177704567037943e-02
-3.659319545330990131e-01,1.749838113750716573e-01,1.947894901867813777e-01,-2.002474092010133322e-01,-3.230280916163740801e-01,-9.732383880419508138e-02,-3.325926146827929558e-02,-1.415941850151953008e-01,3.065718844528808051e-01,-1.242367152936830893e-01
6.718696878185775878e-02,-3.318773168991813460e-02,1.100238886801872817e-01,1.319089821068929747e-01,3.027139726502411227e-02,3.142169659478336596e-01,5.113597065470534830e-02,1.057359475493878376e-01,4.014890194220944314e-02,-1.028059215881292204e-01
1.712910439227463832e-01,-3.198084763690197119e-01,4.387748594650985740e-02,1.391823619001634205e-01,-4.051351403032989185e-02,-1.031031034877386288e-01,5.404635604550512423e-02,-2.741266575854370835e-01,-9.567760673073832933e-02,-5.615794456194671963e-02
-6.683548616091876610e-04,5.593608407102077656e-02,1.725890247833116453e-01,-2.051030953449698713e-01,2.145552215063460666e-01,3.283597084987828207e-01,2.433288787067521830e-01,-1.740100882262290705e-01,-1.382062660819323996e-01,-2.070610336937843965e-01
7.076252287009758557e-02,-2.332680584484341513e-01,-1.975439440088051779e-01,-1.672055003366832160e-01,-2.543248591510153811e-01,4.150529631118396456e-02,-1.592625259595808196e-01,-7.806076375058543237e-02,-1.748366219201248628e-01,1.120465848347496352e-01
2.358602063884576716e-01,1.400556511952403826e-01,3.335435141585136876e-01,1.560566423906390443e-01,-1.344297281239535125e-01,-3.303728573073441005e-02,2.565628530231249815e-01,-6.571487246346141564e-02,2.771721796412616734e-01,1.473466683250929665e-01
-1.306410453082169909e-01,1.067992104438631740e-01,3.625230720741082213e-02,-1.094846959363376532e-01,5.465644861363122553e-02,3.425793570536114774e-01,9.177529339480097748e-02,1.084856211366720252e-01,4.992841671671285203e-02,-5.279470903547132943e-02
2.331317096134945255e-01,-7.508370318807296162e-02,6.726211956393808589e-02,3.361753853416943327e-02,1.081642448293459180e-01,-3.198178099797326368e-01,1.437631539639962763e-01,1.322095081389248472e-01,-3.830252945357058292e-01,-2.083138664100429305e-01
-7.944495344713750629e-02,-1.904343229533522197e-01,-8.834628151436775545e-02,-1.672250168408096760e-01,2.080039884446753806e-01,-4.512594295147474843e-02,-4.224613396621911682e-02,-1.557204615328707520e-01,1.885446912702102018e-01,8.501922188020134830e-02
1.041270337794813344e-01,1.439828593010038515e-01,-7.951478262838389266e-02,-1.418987347448258662e-01,8.989391360874826598e-02,-2.246872389163878103e-01,-2.298601936056452744e-01,-2.497830837749110897e-02,3.008868045730149487e-02,5.102427493278564180e-02
1.519063997202226013e-01,6.257736442383501907e-02,1.747880325271417012e-01,6.188098226202697755e-02,3.290522135965974759e-01,2.839938872033977504e-02,-2.038974546448275582e-01,-1.703128386329361144e-01,-1.368388279853718914e-01,1.400441661749661504e-01
-2.207117281558705069e-01,1.267414988599695480e-01,4.493196393645483566e-02,8.756528463371709980e-02,-1.843192473901003881e-01,2.227880250849149368e-01,-3.795596793828523441e-01,5.495815386606876102e-02,1.215443791623377623e-01,1.882314722030606069e-01
4.472228399421900730e-02,4.171961370523341039e-01,8.440942547492713555e-02,-1.395638059242772927e-02,-2.327487321237733664e-01,1.370962326293330980e-01,-1.498453638358953344e-01,-9.470985032740472653e-02,-7.023612319811804727e-02,2.818239275309580294e-01
1.143971438242928074e-01,2.757271334645397878e-02,-6.961527653029810081e-02,-1.123113501991976626e-01,2.642837616381534249e-01,1.875601293874990527e-01,3.008078001165035431e-01,3.291359332442791441e-01,2.402312622785613416e-01,1.506625665460085139e-01
2.536062310796183272e-01,-2.575558918843960047e-03,3.568479593499866986e-01,-1.566627659445144205e-01,-4.536590430241773525e-02,9.257620021356971485e-02,-4.032304438827939708e-02,3.490667198322901510e-01,-1.866285008748213292e-01,2.002573605607928242e-02
-3.469688387807885743e-02,-6.055953363654002775e-02,1.015727478818668483e-01,-1.801463292198463295e-01,1.374886554133877142e-02,-2.182133663158879883e-02,-9.269981471394654615e-02,-1.813436724721537996e-01,-2.231040771746053419e-01,6.005080652854308254e-02
2.720871579874565849e-01,-1.670873175431894231e-01,-6.519829716355103610e-02,-2.402190879907075208e-02,1.772468634780795804e-01,1.604106863288420060e-01,-5.979835388442725219e-02,3.051273256558860725e-01,1.349699024639172684e-01,8.568105226362900118e-02
-1.334114502385236323e-01,2.643485818685087918e-01,-2.305303905609837056e-01,1.270038833458071725e-01,-2.280007055942641081e-01,9.114957793770375738e-02,3.942765611172532880e-02,1.528044380630666846e-02,9.357541486081241700e-02,5.239569503551608221e-02
2.064736531661564289e-01,6.142910766446493115e-02,-1.726435743510682519e-01,1.656495655338568462e-01,6.552241453458731990e-02,8.368346475770380155e-02,-3.787197843485886478e-02,-3.694118514497398559e-02,5.448260667017349596e-02,-1.093626794517710693e-01
7.029827780675772242e-02,-2.210261213435031347e-01,-1.466588975161736870e-02,-2.789136247222994691e-01,-1.634716476665784568e-01,-1.515271742315250081e-01,-7.338491692271904843e-02,-8.601042726350696666e-02,1.567029419980358329e-01,1.542765542405671007e-02
2.236038438972545728e-01,1.242600832929158378e-01,6.849331781283994613e-02,2.984556776117839871e-01,3.979716331365728416e-02,4.232876714665315815e-02,4.382980499702818222e-02,4.157220083662389182e-02,-3.965083891034439784e-02,2.456435232836246541e-01
2.288351874482153631e-02,2.196285541533166130e-02,-1.582209058899376915e-03,-4.028726362789539911e-02,-2.637155011093263446e-01,6.568667265034884573e-02,-5.112065880648162738e-03,-3.125492791088957389e-01,1.687792468226884668e-01,3.662074904582341556e-02
1.051597509094519267e-01,1.618800459158786509e-01,-6.766252846265044529e-02,-7.033271915675450014e-02,-1.180203481279280403e-01,1.844293641584675569e-01,2.447348589897024862e-01,1.080119221275477326e-01,-2.036410236172232161e-03,-1.836039198542260137e-02
-1.015193191666983602e-01,9.049841819605264348e-02,-2.576816804579214470e-01,5.134075413790941539e-02,-9.872019798565828674e-02,-7.730303850104128238e-02,-1.537705165186226824e-02,3.665877759954337678e-02,4.002196182921685663e-02,3.722719984051225256e-02
-1.858063744587034466e-02,-2.065460278864167942e-01,-2.377655235263657352e-01,4.664229381629389493e-02,1.075379065197275136e-01,1.062324635695068853e-01,-2.575244874033858489e-01,1.015235504824980595e-01,-2.965958724133677671e-01,1.497303149459610905e-01
-1.529107538374916420e-01,1.102718528233352230e-01,8.072549621273644727e-02,-4.493916034217277505e-02,-1.517119712303045265e-01,-1.456369640140597332e-01,5.999457960166256106e-03,-7.769213777750476335e-02,1.801634605406390033e-01,-1.227061007934498738e-01
-3.327085232201826975e-02,-7.553501372841354977e-02,-1.858092298936277545e-02,3.364415796646505474e-01,1.476797852558382751e-01,-3.564692876779363417e-01,1.706170978548262884e-01,1.495991729675979764e-01,5.382256168248051448e-02,-1.827829927989031988e-01
5.245134288944697937e-02,-7.879592740178410770e-02,-2.198093456259902212e-01,-9.300804043688939982e-02,-1.180553975679922429e-01,-3.455259248645241033e-01,1.624989360559768795e-02,-2.937584003436170821e-02,-1.871571871405373344e-01,-1.538408589269228965e-01
-6.077668388777106995e-02,-1.785389184353194381e-01,4.704556784820675130e-02,2.578111373355485014e-01,-2.603343816942977895e-01,1.319191284610323200e-01,-4.603359339655745813e-02,-1.805123708187176754e-02,-5.419276792127250553e-02,-1.359842696267057893e-01
4.133943585888348593e-02,-1.121680962295678735e-01,-1.829139893834698105e-01,1.198416000031949508e-01,2.970423204192140787e-01,1.925562995773636155e-01,5.340308033232465945e-02,-4.850484893158850397e-02,-7.754173445500622819e-02,1.541665157877107790e-02
5.133898043057011536e-03,-1.545520839527448828e-02,1.763872464526623218e-01,-1.862834615101515712e-01,1.899930695526904079e-01,7.333416445407113515e-02,-2.088057087479164020e-01,-6.036616461284816798e-02,2.928271310062832006e-02,-1.966176532136076627e-01
-1.081809183139215841e-01,-4.791392470786370178e-02,2.209942040004083397e-01,1.223560536055041670e-01,-1.062122735233454740e-02,-1.160892037126431825e-01,9.744162407598087883e-02,3.202794447860973226e-01,1.236751904959607073e-01,2.180797909082578950e-02
-2.387963441941467341e-02,2.410309009231298427e-01,1.549492788139531785e-01,1.949388661818142188e-01,2.143462937866772444e-01,3.251369604204003283e-02,-2.061259089627833774e-01,8.930351793120097637e-02,1.587563122961495321e-01,-1.295590043314980185e-02
8.425666611724912103e-02,5.287186209726535413e-02,4.725977530872038646e-02,-2.166029385601504209e-01,-1.038985130099792098e-01,-1.163506156860509011e-01,-8.512301531394082799e-02,-1.071629677916594581e-01,-1.190568617524372444e-02,-1.740650645398414964e-01
1.503824669828945082e-01,-1.709775000904596443e-01,-8.908115498206703453e-02,-4.111133730802253583e-02,1.385178874037450991e-01,8.187783319174112007e-02,-2.280978614683342731e-01,-1.136283977203900730e-01,-2.219416096261187243e-01,-1.343966971734673610e-01
2.228897679324924885e-01,-1.645439478285421475e-01,3.389687769738371215e-02,-9.575377923545399378e-03,-3.138406272821582521e-02,2.527392099815048421e-01,-6.612560080549066688e-02,-1.562509218709844938e-01,-1.493275835793879402e-01,1.702540087054014994e-01
-2.137092634468415742e-01,5.977142166444034121e-02,-1.272433259137145944e-01,-2.207727437204407006e-01,-6.556982236100358796e-02,7.251042901378594585e-02,1.202850749611543424e-01,5.801275365738514829e-03,-2.130294855444271052e-01,-1.800366612114068510e-01
3.798263140089591650e-02,-2.119990947891485511e-01,-7.741155133347464579e-02,-2.220908468094588695e-01,-9.295351050618664299e-04,-8.663772890334088539e-02,-6.473287887846215782e-02,1.434100496509982114e-01,8.380093715184960823e-02,-2.743738661307699306e-02
4.832409262423881940e-02,-9.401658643102357715e-02,1.881154584058704615e-01,-2.014330048135590939e-02,-1.586049941124868801e-01,1.891947291525640784e-01,-7.181030376503346434e-03,-3.836829294003537005e-01,6.433203850621420361e-02,-3.000831039163595615e-01
1.587832420102416320e-01,-1.356325276355195286e-01,2.926589807897538309e-01,-9.689432207121054241e-02,-4.920530549574468615e-02,-1.517709525585519692e-01,2.889059016072927921e-01,-1.544044621831731912e-02,1.115833273996066737e-02,-2.510660812012375231e-01
1.221373438025770419e-01,1.449262312047603918e-01,1.281350561717666259e-01,2.833286488985479745e-01,2.119805772431518631e-01,-2.260842795308424039e-02,-1.721309217217020238e-01,-1.123646467759260442e-01,5.481594385649435353e-02,-1.868711913105343958e-01
-2.487249263328317889e-02,-4.116978699006861864e-01,1.573041520816547412e-01,-2.701919056575352585e-01,-2.107443759952828399e-01,-2.575012128022317048e-01,1.107608357819905298e-01,-1.498192127133814722e-01,-5.299972922906810713e-02,-8.063844029976813266e-02
-4.040505756707272328e-02,2.690761349239492173e-01,-1.839759605700938827e-01,-1.524573468308122737e-03,-1.986655634739523113e-01,-7.065792851041417799e-02,1.860198281662854281e-01,1.928264856443067665e-01,6.409478027232164143e-02,-6.498754981560371513e-02
-1.468867482419227745e-02,-7.136081213108459720e-02,-2.398592049259212211e-01,3.748423134434348929e-03,-1.694291095258071422e-01,2.143685017468837939e-01,1.048097184408327553e-01,-7.943905611553625512e-02,1.061045764213334741e-01,-3.289166544171381185e-02
-2.737088628279999141e-03,1.704328120185421014e-01,1.146461237405541761e-02,1.773810988784276302e-02,4.229506792778201657e-02,-1.809080469272997260e-01,-3.935849168259172165e-02,-2.744836532337879831e-02,-2.497431766016444399e-01,-4.545500640519009594e-02
-6.040539736209505836e-03,-9.957434839678754035e-02,-1.872637746013660898e-01,-4.211096259326238544e-02,-1.317406214340410830e-01,-9.888709287720509611e-02,5.972701951806513865e-02,1.097414163188850829e-02,2.151790813033474803e-01,1.066058555724009281e-02
-3.054157085806984834e-02,2.647970707407303337e-01,3.137210791451787439e-02,2.350359157979317049e-01,9.049173919605453531e-02,2.202408942550494464e-01,7.212451973226087498e-02,8.487746101596947701e-02,7.740909805781406687e-03,2.457212929181944172e-01
9.978914410089929909e-02,4.105966783205382969e-02,-8.583429502685192836e-02,2.221964902012369125e-01,-3.188483875838646342e-02,-5.481699696731318072e-02,7.182435042210125187e-02,1.238625176076841861e-01,-9.723486278368168034e-02,1.159079066092332244e-01
4.793676195614621910e-02,2.126558674967325008e-02,-1.192400894576639697e-01,-1.935631477266683553e-01,1.038400784360506424e-01,-4.193618052295464832e-02,-2.567430875991166123e-02,-1.306530661557157857e-01,-1.003706563639138460e-01,-2.689951093581651603e-02
-1.854118715865271938e-01,2.024258191336872625e-01,-2.851984359682033926e-02,-1.780888817089736897e-01,4.465269903513462840e-02,-1.492118099571968122e-02,8.788851980666825825e-02,-5.900040561040445497e-02,-1.298851668727400155e-01,8.459822524170261537e-02
-1.339746789278545569e-01,-1.459764455106801750e-01,-4.009230447236172834e-02,-1.466080328245302211e-01,6.607517894387364768e-03,-1.955368835036837283e-01,-7.319960607707332034e-02,-9.190341524697562270e-02,-3.032162067655637741e-03,1.090866151316392391e-01
-1.821488906459847734e-02,1.484304299786936843e-01,-4.027568274003361787e-02,-1.220320909202927684e-01,2.138430322458989286e-01,-1.328190254674291304e-01,-1.202577236741391581e-01,-2.005188466905455102e-01,-1.968750109812121840e-01,-1.224416128726633045e-02
1.482153955070066587e-01,1.489634387769057655e-01,2.315823483325272492e-01,-3.115360824909691462e-01,-9.456504504802050459e-02,1.090389493650178038e-01,-1.031565191189130620e-01,-2.595035794129060824e-01,-1.582853626698893235e-01,2.018738552066717262e-01
7.784042440507062122e-02,2.117979156941244556e-01,6.782220196761641617e-02,1.590965426069248234e-01,1.210739981876318844e-01,-1.017551008097494630e-01,-3.005118063952428309e-01,1.008254448836569811e-01,2.226719921315492567e-01,-7.203279996936162721e-02
1.501179911257642663e-01,1.932306506035078864e-01,1.380101118229932755e-01,-1.109691336645978466e-01,-4.466237109332162752e-02,-5.382519480698145370e-02,-6.782003859152312131e-02,-1.175914035271332508e-01,3.172699721800853467e-01,1.684300308888279224e-02
1.000793323976779114e-01,-6.806139573882702409e-02,2.977989321608579543e-01,2.531508063455712998e-01,-1.082328553024926449e-01,2.594798484115126702e-01,1.876477235120049269e-01,2.363773729196591566e-01,1.745452275520181507e-01,2.414164019379360648e-01
-1.016249402925476220e-01,1.385686551652332843e-01,-7.355567983517556641e-02,5.910395645430325390e-02,-6.193175569805838693e-02,-1.677138553225020756e-01,3.772589145056573501e-02,-2.176585984582345423e-01,-3.447663492247127204e-02,7.475368788523871488e-02
1.136463144014925909e-02,1.618129047349208538e-01,1.920239541227007907e-01,-6.058289769280052195e-02,2.452002889303358524e-01,-1.001970854354388013e-01,2.179330819702543498e-01,-1.545996642959360234e-01,-2.096266766773579038e-01,1.233060095160847490e-02
-6.514399266123467591e-02,-1.085564654632833609e-01,2.099501370011205570e-01,-1.417533310789559631e-01,2.749233814793514141e-02,-1.333586981937372462e-01,-1.590375669657722452e-02,-5.039063631860540328e-03,-6.766335594582929824e-02,2.463105796903007905e-01
2.196378515418864197e-01,6.290297884445565646e-02,-2.278536412808332134e-01,1.241856707225226925e-01,2.001836403429865241e-01,1.091710696149475052e-01,1.887852038682258093e-01,-1.631458118364422227e-01,1.383563697129180925e-01,-2.032028773066473781e-01
-6.710996594089967127e-02,-4.396220202459969612e-02,-2.224299348454503167e-02,1.492695256161255812e-01,-1.881839880492940653e-01,-1.047961649951394403e-01,-1.070435043608060494e-01,-3.064710871522109970e-01,8.034289087347167013e-02,-9.389593278424010481e-02
-2.434306810837788548e-01,-6.982466915137265639e-02,-6.718345044293290436e-02,-2.853262100708366389e-01,-1.805552492568120518e-02,-9.109292017436579347e-02,1.721387266492284129e-01,1.263109198846736059e-01,-5.591633154512549997e-02,2.252994853284045473e-01
1.830887933466266992e-01,2.039336247495584023e-02,8.509962206324987732e-02,2.851061154725398894e-01,1.005009104612260562e-01,-2.200520686832128231e-02,1.681229462841721950e-02,1.446437976309240536e-01,8.829797519189480637e-02,-1.787450761422708020e-02
6.669970831785008991e-02,1.110021863324796021e-01,5.531781400116240338e-02,-2.255386377857471897e-02,1.251104840086937967e-02,2.846816651918686603e-01,5.442830283332562163e-02,3.076217810298368938e-01,3.620218119241420257e-02,3.554198252167774241e-02
-1.826781350675776849e-02,6.394448254473088233e-02,-1.023966344715837029e-01,-8.585705728470091613e-02,-9.649926293481925210e-02,-6.597414602270720504e-03,1.384410392301116122e-01,-1.656996130309899284e-01,-3.589390039954318268e-02,-7.671416741345997957e-03
1.541908432663721684e-01,-7.074029424779586239e-02,-4.689102273511225327e-02,-1.037148928837669931e-01,-2.799740200899022979e-02,-1.172364495800258394e-01,1.566664796877823007e-01,-3.659673515060663657e-02,1.432572630638888622e-01,-9.616075187966340032e-02
1.132783126842863974e-01,-3.085847754166354609e-02,-2.358118992658677637e-01,-1.635161450969140895e-01,-1.134405302401793325e-01,4.032770245269832327e-02,1.989493989540915553e-01,1.489908630310446958e-01,-8.025265835858445829e-02,1.271758255076710920e-01
-1.313573849474195809e-01,1.489837600195405287e-01,-1.434883453614423376e-01,1.534882919882057939e-02,3.739835461040644238e-02,-6.893202430504276335e-02,1.488638530470686450e-01,-1.329692261006969745e-01,-1.875581394189134755e-03,-3.398317306663132809e-01
9.102687186194774460e-02,4.969690184793500998e-01,-1.486171124502082552e-01,7.701365550592061127e-02,1.421689856805816721e-01,-2.013291394074673557e-01,-1.970099847616275587e-02,-1.854013010691319130e-01,5.859983438169581033e-02,-1.747211637510299176e-01
-6.925490647689951096e-02,-6.788890759023952226e-02,-4.119032285616221201e-02,-9.386608099274496020e-02,-1.308326399187283440e-01,-1.025742598412591605e-01,-1.237621038236550175e-01,-1.618168675034594717e-01,-4.501631829595684892e-02,-1.310925148441490495e-01
-5.501310669032842549e-02,-1.600323801441380922e-01,2.168289437810048959e-01,7.933235065603404246e-02,-2.655803469131724076e-02,-5.386846919628340141e-02,1.601968719590647350e-01,2.143144820788382976e-01,-2.175256697380620885e-01,-1.357487326424618723e-01
1.076616980953085390e-01,2.612600022314169254e-02,1.421576379225416575e-01,-1.685703085967603376e-01,2.506449427550304643e-01,-1.700138493381813942e-01,8.170333011542260659e-02,6.015634257986739175e-02,-5.513604621529701044e-02,3.339094315574536731e-02
-2.235548901725960269e-01,-1.510033178452000191e-01,-3.032874952351516940e-01,1.113788955368939793e-02,3.283311042026363924e-01,8.755818243794888378e-02,-8.146179194385583244e-02,-1.160668522622864407e-01,-6.474455918798117937e-02,-2.059962830573860149e-01
1.090636570341780992e-01,8.214826232685613905e-02,1.641959680084606465e-02,1.627199099788145809e-01,-4.495006511214152262e-02,2.080194388421967855e-01,1.091615681691546214e-01,3.214501639344235356e-03,-5.024873740790791743e-02,2.206062327636018339e-01
-1.278260737090745058e-01,2.530739519239750060e-02,6.200931744413961527e-02,1.410348049582019481e-01,-2.181946217243593000e-01,-3.100964484396091514e-01,1.612117658728937641e-01,1.399803517796903707e-01,3.030170307719194656e-02,-1.899492623882761688e-01
1.252371459144892007e-01,-2.428805010944101034e-02,3.479058416234034196e-02,2.233777644312535671e-01,-8.780226682832151242e-02,2.623687499646368826e-01,1.019779010362616700e-01,-4.299000476366873075e-02,1.984353975246726520e-01,-2.497448465544898077e-01
2.396325146349613522e-02,9.641833813236593345e-03,-2.606086873015398542e-01,-3.038213154762291549e-02,1.383916745233372270e-01,6.724468300241978613e-02,-2.356428790689298405e-02,-8.954271169041758127e-02,-1.788983726872670210e-01,-1.332386688880041192e-01
-1.333583765549874178e-01,-1.267865418880400816e-02,-2.469507882523470643e-01,1.278205539099013799e-01,-4.286773600072189827e-02,-5.020480086990346952e-02,-1.638063572975630711e-01,6.914182279981739843e-02,2.029788082006463990e-01,1.268681679377469881e-02
-2.134992798972392969e-01,-9.353400147736613823e-02,-1.122386230240336388e-02,-1.796668858154954751e-01,9.243772194951843657e-03,-1.674711260930268619e-01,-8.025161103955333330e-02,-1.455436071958086108e-01,1.314551739534448038e-01,-3.520454210031810360e-01
-4.690419055413271726e-02,-2.146087723420964377e-01,-2.667619590816918129e-01,2.714205048559529751e-02,-3.360150587912771880e-02,-1.133003420382121124e-01,-1.386883234793118702e-01,-1.309981691930177106e-01,-3.067618988125843660e-01,6.973015394127214661e-02
-7.034015270696335198e-02,9.489949300076522265e-02,3.281247718224259563e-02,3.285686384644077862e-02,-3.397546754507719396e-02,1.219126356341214551e-01,-9.068970651793144266e-02,-1.330476348624232696e-01,2.382823662054715796e-02,1.346319275298678841e-01
1.664021113697764509e-01,-1.542511508263990638e-01,1.492386472458179236e-01,1.535364806163125317e-02,-2.427709682017107906e-01,-1.975262271349567944e-01,-2.841867720752466742e-01,-2.335900699932359492e-01,-1.151077004156042249e-01,-2.211610766603589739e-01
1.767677659460611117e-01,-1.325436938282033295e-01,-9.860821928845013573e-02,7.795361679880087602e-02,4.791048485948756763e-02,2.709747922721996716e-01,2.260141418908235555e-01,-1.010464253134650964e-01,-2.733032510591985875e-02,6.493025888268677548e-02
-9.599095122064511820e-02,-1.726342381069190801e-01,1.162701223568176900e-01,-8.456249961465100995e-03,-1.130320324569390189e-01,-1.437205880396754676e-01,-1.139424870342306412e-01,-1.671788480272100030e-01,-3.096385220080615300e-02,8.440128441508813750e-02
-1.320970370939555660e-01,1.444107744184851827e-01,2.717401052272002890e-02,-3.513653553730201884e-02,-5.740858896965474883e-02,1.406804280758605918e-01,-1.461418357977991092e-02,-1.812550086341127853e-01,1.846935454782180352e-01,1.219185848779334586e-01
1.816299758889934057e-01,-2.511013104817078068e-02,-1.243377615464308916e-01,-1.035104647284992435e-01,4.446196414167277733e-02,2.843859789501828605e-01,-7.584697850715745038e-02,-4.701714263231363683e-02,2.378605548969120811e-02,8.191072484015426980e-02
-8.527916098935223177e-02,-7.996131154266826468e-02,-1.362585103764416550e-01,-9.357686130252049206e-02,-2.055934391506799297e-01,-2.253097852346456764e-01,2.934026921805508309e-02,-1.488578288734266619e-01,9.284830575049698997e-02,4.223983297631545009e-02
5.007741163307556642e-02,2.423488188581664760e-01,-5.959338318471775475e-02,1.842852433681939628e-01,2.579960815018513681e-02,-1.509991577619937686e-01,-1.852574750920534807e-01,-1.662000758235641917e-01,1.635861545944648499e-01,8.460679964850688350e-02
-1.780971425117767182e-01,-1.103262423393098907e-01,1.640634060405737676e-03,3.485575892218037430e-02,-2.127155467503427932e-01,-4.493273916668143186e-02,-5.070870685716614285e-02,-1.744821001173585684e-01,-1.344157186047242325e-01,-1.229189278730480894e-01
1.876068970639088729e-01,-1.962113018602357206e-01,1.656697349518789497e-01,1.739647925080015090e-01,-3.635323705836628755e-02,1.603126387691414939e-02,1.121942409721528866e-01,-5.103371334884954785e-02,-1.402825912649765389e-02,2.886500212681606947e-01
2.419592615432445901e-02,4.850708328324065954e-02,-2.406204171537477260e-02,1.518708017103297392e-01,-9.450984811630173954e-02,1.114166943202214571e-01,8.621942547506704357e-02,-1.901969202469989129e-01,2.595057995566819597e-01,4.791239809961147372e-02
5.877898943558726441e-02,-1.553248110619847300e-01,2.851104956667007140e-01,2.360361369768626538e-01,-8.000303893615684503e-02,2.706781551547568151e-02,5.189402654682738480e-02,-3.817507871706770067e-03,-1.152970819115089474e-01,9.931081222140679399e-02
6.311330272145970754e-02,-1.210274234422720474e-01,2.983783524387925018e-02,9.364962866567644317e-02,1.653523932163762644e-01,-1.835759244367579646e-02,-9.443594160208117205e-02,2.025579308177495597e-01,1.840111311724930421e-01,-1.754888225547359890e-02
-2.360787161145920243e-01,-2.968841835192492784e-01,-5.784941385272309583e-02,-2.210331616408882927e-01,2.806923136655515433e-02,1.058357240001788213e-01,-3.794621488064956610e-02,-1.092154961650144696e-01,2.263441806555705205e-01,-1.526072373530406034e-01
1.826477635191072202e-01,4.061568595564675477e-02,8.768307336169274546e-02,4.650887495118013332e-02,7.668420885152030242e-02,-1.942749075725187791e-02,3.447792929095587211e-01,-4.748394826300021687e-02,2.830658998390043757e-01,2.138984310659810817e-01
-2.119904037202594571e-01,-9.899288075857586716e-03,9.879781451502601952e-02,-2.401414848594941587e-01,-2.623090773573999446e-02,-2.078618392742884458e-01,-2.728150631567181628e-01,-2.540991006070298930e-01,-2.133294637031762572e-02,-1.175362936065662001e-01
-7.473895247857954838e-02,3.795205177295341709e-02,-7.037812045393047888e-02,2.373476160692096770e-01,-2.612737716459051333e-03,1.185763760563861846e-01,3.930021997218428181e-02,1.572620835724433674e-01,1.639126751970592655e-01,1.475216454090588769e-01
-4.739007315908576150e-03,-1.446898325379200878e-01,4.481947150961021475e-02,7.183198399211401797e-02,-2.168978600134219628e-02,1.754632859687757507e-01,9.868758103577750240e-02,-2.063301044003087725e-01,1.329005299323682554e-01,-1.478471108140637646e-01
-3.756042032677045506e-02,-1.027769487449472774e-01,3.972053041990447619e-01,-1.441377399256981162e-01,-5.034716956543016514e-02,3.311609665543790437e-01,1.041736343243876949e-02,8.062564238136789296e-02,-2.802368123316397175e-01,2.894616550636500835e-02
9.394476580825114609e-02,1.019400102545102577e-01,-7.408992966005181757e-02,9.375573083943544717e-02,-2.123597200254996042e-01,1.145239829881473798e-01,8.433060613716084064e-02,-7.336327452610288957e-02,4.398493318440011707e-02,-6.907837540919395392e-02
7.570361103938137715e-02,1.204421526904725370e-01,-1.238255269021853178e-01,-6.438235467508274766e-03,1.282602719933767232e-01,-1.465685551877478621e-01,3.406657595960691509e-01,7.808579993571124200e-02,3.446686413313608255e-01,-1.268226505489060685e-01
1.737003366251028136e-01,-1.795640482651001124e-01,1.976611259989036473e-01,-6.854089709064901947e-02,-8.700420145443704678e-02,9.816447262078092928e-02,-8.453677483273890070e-02,2.850353254388336977e-01,-5.255645819957054793e-02,-2.110482233458579326e-01
9.302509516283330449e-02,-2.147573410356393153e-01,1.807700675088156905e-01,-7.884098779604427343e-02,2.491839492702662556e-02,-1.370005534458502150e-01,-4.065179095394844816e-02,3.261825277002289303e-01,-1.211735682574812262e-01,-1.006070341364652676e-01
-2.133762113854699993e-01,1.060650228353741814e-01,2.229373866384342651e-01,-1.085012120908345479e-01,-8.881586122423422436e-02,-1.269557937223167454e-01,-4.818668492594591068e-02,-2.200757052851037288e-01,1.189537078856735403e-01,2.605949766354406227e-01
-2.300584478417390111e-01,6.124426605879194213e-02,-2.206792284049063080e-01,2.218486197770205559e-01,6.625025228495608209e-02,2.879527887159284427e-01,-1.355293720884403752e-01,2.718081453683596216e-01,1.592371362951441882e-01,1.221339262716312213e-01
1.843979995520977633e-01,-2.950270336991028808e-02,7.339422724608211934e-03,1.930796668535968708e-01,7.429290611316971549e-02,1.476896853754984529e-01,-4.493191194441913811e-02,1.357067604909109049e-01,6.706193939395460601e-02,-3.040059154213627379e-01
-2.422236313066237490e-01,3.687682548217889600e-02,-5.105441804349703655e-02,-2.415933965799422767e-01,-1.165453808717066553e-02,-1.241543543186852533e-01,8.532562446109570597e-02,8.138456361830884167e-02,1.222501745072856333e-01,-6.891666191162189314e-02
1.693351729212628012e-02,-1.472881940468592499e-01,-3.961394081010943639e-03,5.417829091063783298e-02,-2.949996636966156771e-01,-2.460466020187766778e-01,-2.081542295286169242e-01,-2.246021136942995822e-01,-1.559885740677601496e-01,1.291518614818418231e-01
3.025923566174757995e-01,-8.932377057969047296e-02,4.141875421940890804e-03,-7.227742403018165562e-02,5.531228928267112321e-02,-8.797160796103474512e-02,1.087547041097932793e-01,4.096123635313045352e-02,3.540486666679682481e-01,1.791937759601419100e-01
-1.797576610853345372e-02,7.425133034923231401e-02,2.711221745038669070e-02,-4.315478204798103845e-02,1.270013999614255928e-01,5.919266042829538638e-02,2.628020510999171111e-02,1.001165070621767850e-01,-4.464687605746824745e-02,-1.219533393965651913e-01
-2.037562341345194525e-02,1.146018920251077738e-01,2.754113726842050136e-01,1.304225622363362480e-01,-1.283342806258015723e-01,2.793631871577811898e-01,-2.118028701589838234e-02,-1.193857405206823347e-01,1.127192647461044417e-01,1.560377644295056487e-01
-2.019342559605410703e-01,-2.426980167453953174e-01,-7.518096376776566003e-02,-1.092391808294961159e-01,-9.982939944644912342e-03,2.734254317833249501e-02,8.985862389175831855e-02,7.094366280817125670e-02,1.600426895410058392e-01,-5.139575759390489079e-02
-4.873989095327722204e-02,-1.406689513515231860e-01,1.227207870604232615e-01,-1.872863199374512622e-01,1.409216656625108255e-01,-9.100794833341585566e-02,7.722743460173821239e-02,-1.427006935584149705e-01,-1.438429232501148569e-01,3.177254437116110442e-01
-1.904029588563129274e-02,3.083631291470144333e-03,1.345215337172483983e-01,1.168793179567746976e-01,-4.351340803373347083e-02,-1.958414654655221965e-01,3.284048901993287528e-02,4.796246896108787711e-02,2.355033470803643558e-01,-1.453147862402147557e-02
-3.561460424452203566e-02,-5.369831742528932694e-02,-1.186581779352442328e-01,-2.625248195712107796e-02,-1.382983546216933202e-01,1.267219157685637032e-01,1.709361936001080606e-01,-3.511575148144310266e-01,-9.452561249297393442e-02,2.577584964084641550e-01
1.460850776481464885e-01,2.015993930854588501e-01,-1.751528895085830151e-01,-1.118134775386716850e-01,1.675067578918300326e-01,4.721340697052953117e-02,-4.487154966129188599e-02,2.883818382993850737e-01,-6.132480479069392365e-02,-2.629338660623493640e-01
1.465961254253383417e-01,-3.273657856285597939e-02,3.045986966112332328e-01,-1.408493722532961831e-02,2.084091202972497003e-01,2.317941768569761474e-01,2.492643509438343397e-01,-7.360841769889334141e-02,2.456011107391750936e-01,-4.855873144891569362e-03
-4.893331883046092741e-03,1.346739004455962674e-01,-8.994553912910879800e-02,-2.006623370170743104e-01,2.037724950407256500e-02,7.312013164847039337e-02,-3.901816679226598195e-02,-4.454678181385039737e-02,-8.771541182518882707e-02,-1.311763424198365002e-01
-2.626327852721111467e-01,-1.070385656126501828e-01,2.324384044543172101e-01,1.128310420135381631e-01,-2.392833398735472183e-01,-1.160521443486298571e-01,1.082704362851553276e-01,1.348582043935480645e-01,-4.244791152746386215e-02,1.173151595226215455e-01
5.850638974377169593e-02,-9.686341156288119647e-02,-3.165966122193772381e-02,1.231027461130371342e-01,-7.384096377248529353e-02,-4.637276075532530822e-02,1.713170512301740930e-03,1.727912010824356193e-02,6.527324909202668335e-02,1.547642800840144384e-01
1.012254381189711498e-03,3.049236268903526836e-01,3.535973400220676632e-02,1.810048363196154753e-01,1.034974949557752461e-01,-3.105883774276679832e-01,-4.761494965539503355e-02,1.039353984460152369e-01,2.523280172519288406e-02,2.412529466973125925e-01
-5.501492270361361264e-02,-1.117410431992974518e-01,1.092876128068941549e-01,-1.946884430807742025e-02,4.173095574557456056e-02,-9.359969552597073583e-02,-1.607176555781025806e-01,1.009282908076430535e-01,7.797538855407040725e-02,-8.321613204881166126e-02
-2.766958070928982605e-01,-9.976771170872297811e-02,-3.400610507990444176e-01,3.724637763621809709e-03,-1.894424396857317394e-01,6.076932659615245230e-02,4.354738413185690188e-02,-1.788693496557332840e-01,-3.537889143214214150e-03,-6.890703360714528491e-02
-1.297326149313821342e-01,-7.228696952469526593e-02,-9.569043394564609450e-02,6.475528977189794200e-02,-5.453343300446108349e-02,9.440056565610892292e-02,8.875437005926313516e-02,2.772191482659387973e-01,2.214919043954466371e-01,9.954689433352541250e-02
-3.154273330455672347e-02,1.655317246839409506e-01,1.316318548832183244e-01,1.649066191155749428e-01,5.350309374695415288e-02,-3.872234572262362590e-02,4.041142689049573994e-02,-1.082020218496710373e-01,-1.449156848957537380e-01,-6.955190247858260809e-03
