[[-0.53783578 -2.33480628  4.23168389  3.37269348  0.20250074  2.10963775
   2.64945291 -2.39260915 -0.55595257 -0.55642449 -2.13692324  2.30932239
   1.33066645 -1.27687581  4.21920793 -1.68606313  1.94942458 -2.24579501
  -3.82566158 -2.1046372   0.91961447 -0.13010626 -2.42790555  1.93070763
  -1.53528893  3.84656573  1.24759661 -1.32740081  2.05404789 -2.36548586
  -2.05591882  2.11060798 -1.20627159 -0.52967197 -0.88456473  0.76522664
  -1.11453136  1.36317616 -0.27150301 -1.37414986  2.4744609  -1.03082706
   0.34426432 -1.55180938  0.49297618  2.42975993 -0.10640426  0.44940583
   0.83069501  2.95028648  1.64456717 -0.90063626  1.1307347   0.63829425
   4.55265839 -1.95811    -0.96425407 -1.26895659  0.21415455 -0.96139564
   2.57614648 -1.26330326 -2.7727744   1.56970919 -1.26540237 -3.92339338
  -0.19061121  0.13687238  0.41064648 -0.58020059  1.74664818 -2.33345539
  -1.30033717  0.62474493  1.58024264  1.87320985 -0.07036014  1.15040573
   0.51131236  1.44699761 -1.15042241  1.45406149  1.55733264  4.62428869
   2.5596398  -0.13483006  2.27581977  2.17164945 -1.30751175 -0.77932477
   3.84924666  2.22316154  1.07364206 -0.97191594 -0.68952008  0.65202995
  -1.88578332  0.68793991  0.958883   -0.16285807  0.7258227  -0.54569155
  -1.62300292 -0.41391898 -0.72290796  0.48871224 -3.94504718 -0.49479429
  -4.24759006 -2.38983323 -1.33673413 -0.10326715 -0.60372252  1.70993505
  -0.45506194  3.14951406 -0.91174349 -2.08819859 -0.47277355 -3.13427554
  -1.12342366 -3.71209854  1.15333073 -2.82631721 -0.55840641  1.83900796
  -1.69147972 -0.63629072 -2.42121498 -0.30669903  1.63839232 -0.23193519
  -1.64814073  1.18136217  0.74673213  0.19994622  1.54652467 -0.33299023
  -0.45863793 -0.94108593  0.33087702  0.58550559 -1.79672343 -0.60770497
   2.00552331  0.64465702  0.25267018 -0.401053    1.72284     3.09659805
   0.16756602 -1.61297375 -1.31160449  1.35521105 -1.08438019 -0.86102066
   3.19436407  2.50396573  3.48859768  1.64513108  1.30568095 -0.10354537
   2.1111289   3.38539161 -0.04113311 -1.84991209  3.1221373   3.11769193
  -0.58589538 -0.45230567 -2.64150131 -0.26959384 -1.14946147 -2.03370861
  -0.36573548 -2.8721788  -4.44316469 -0.3059378   3.49598697  0.1651723
  -2.02928468  2.47556715 -0.56805698 -1.76668652 -2.8389995   0.75962021
  -0.04153542 -4.34032893 -0.37279354  2.81312891 -0.4931342   2.09455546
  -2.18272332 -1.1503511  -1.02433477  2.65562557 -0.72400454  0.65677948
  -2.440559   -2.98329703]]