4.479320535536812642e-01,-1.644644235446005576e-01,7.853099204155034041e-01,3.824029373257284425e-01,-1.750550918464544581e-01,-2.526114887498783768e-01,-1.560588462418770195e-01,1.372160376492658207e-01,4.626543910961807282e-01,1.089597475010247590e-01
-2.801974381885334320e-01,-4.409058146207109896e-01,3.962530023182717076e-01,5.986485722297386625e-01,-1.079679913070157732e-01,-2.050373604136474237e-01,-9.527090870211943341e-02,4.617380442396285534e-01,5.579049652662789738e-01,1.758467155761226919e-01
-5.019822226079716510e-01,-5.077937263520552191e-01,6.382964343924374395e-01,2.309335106402080340e-01,-1.431321656782792995e-01,-6.069783146425580256e-01,-1.626900870732126900e-02,2.192848014055582551e-01,6.670853421476288792e-02,6.559182345394710678e-01
-1.401261110240728247e-01,-1.340015905902456561e+00,4.216677797859512133e-01,6.194548919480025173e-02,3.882030625774276350e-02,-5.871636414145771088e-01,1.903672864274307541e-01,-2.250052256025871777e-01,4.148381805222937646e-01,1.004100968376955977e-01
-2.384460112705296675e-01,-6.221953254224411589e-01,3.870999180626853442e-01,-2.308905983915099935e-01,-2.619486581608504450e-01,-8.554752467393640369e-01,1.042856707690401757e-01,2.383544192720856991e-01,-1.679849697208992687e-01,4.233971283995400237e-01
-2.860959588987280755e-01,-6.511452661943114562e-01,3.727723059894671315e-02,-4.784253000243865461e-01,-9.585216027896527324e-02,-1.069771344362659971e+00,1.223832456022526036e-02,5.156536507018539828e-01,-8.630443285953473542e-02,2.492896366917268791e-01
-2.245366641143679010e-01,-6.334755293333605985e-01,2.083578628438381153e-01,-2.896709882076526354e-01,-4.945919731610828179e-02,-8.882503553864178336e-01,1.262762959270631591e-01,9.487552685560332044e-01,1.118208708761963543e-01,3.013491440021485168e-01
-3.947230614635035550e-01,-9.248489999791941196e-01,-2.680152541497061169e-01,-1.309084128496304844e+00,-1.015963028158084064e-01,-8.275856417166114198e-01,-2.205819781526560316e-02,1.744846830235120827e-01,-2.674275824365442977e-01,9.602964174246099438e-02
-6.403842836048300180e-01,-9.120395374706967706e-01,-6.266411728768254141e-01,-1.253697993128602528e+00,-6.434673643168441204e-02,-1.189712383390566064e+00,-2.703624154405241398e-01,3.197820542425938717e-01,3.161049017476412204e-01,-2.142396513210353681e-01
-4.987928830251962542e-01,-2.413975490105279009e-01,3.363891010348112748e-02,-1.284200535343645200e+00,-6.240699914698140394e-02,-1.050024936678219944e+00,-3.370071559416150664e-01,1.767792245635701198e-01,4.219734855024421250e-01,5.596886991248563037e-01
-6.209050660371165931e-01,-1.520704445331407806e+00,-2.122386922063305148e-01,-1.112877819782158273e+00,8.511950406750039277e-02,-8.667627819881071893e-01,-4.031487279184923778e-01,1.257746184236759879e-01,-3.061287961202918129e-01,4.533689295330491920e-01
-2.766241600872664241e-01,-1.327496779823718276e+00,4.451172936580995859e-02,-1.088754060364479193e+00,-1.382233374847063531e-02,-9.491422282898530627e-01,-3.618151615337666382e-01,6.566284733177804589e-02,7.433859010320263694e-02,4.102050501394596260e-01
1.482808340286922155e-01,-9.346775680763496075e-01,1.551097583787946488e-01,-1.009699335682168408e+00,8.807091715932151288e-02,-1.266430701780886459e+00,-2.706330682897982731e-01,8.450370082138518313e-02,-1.139178069111203978e-02,-4.755025020231770649e-03
6.016617072551584400e-01,-1.149418898043858273e-01,1.438643827104686412e-01,-1.429018203000643333e-02,-2.433792923712710943e-01,-4.705028305569311509e-01,-1.904190794610143289e-01,-4.517466360588845431e-01,1.010882993834455873e-01,6.323583562046233147e-03
8.458265192032031754e-01,2.348448067385332794e-01,-2.596200233070780281e-02,6.486150498909107331e-02,-1.967253366159996131e-01,-4.687726464959354050e-02,-2.688727171382922498e-01,2.101290514342174787e-01,3.625945129195178862e-01,6.860385724106564387e-02
1.655987904992054727e+00,5.799762295969427273e-01,1.223583044376471030e+00,7.009874410047378657e-01,-7.954606976441994104e-02,4.738609427186423195e-01,-6.422495064363394901e-01,-4.879967613493577105e-01,7.156629205284986694e-01,-1.330145755198926805e-01
3.283384578182484415e-01,-5.584660373107884768e-01,6.095230737586730951e-01,-2.401483591559304132e-01,-1.619320291750715457e-01,-9.125844599335956875e-02,-8.011374789278735697e-02,5.725613689747514057e-01,7.068578804784241276e-01,6.438588325064176221e-02
-3.178662176508793569e-01,-1.031420911293882414e-01,3.354519852247272310e-02,-2.325682772721635594e-01,2.587253063972723768e-02,-6.715820936279026654e-01,-1.967718578998471635e-01,6.990434207234560438e-01,7.472752265721426257e-01,4.421720017861567875e-01
3.944735256892104580e-01,-8.156105473842464315e-01,2.709531531843697993e-01,-6.991739901375648714e-02,-5.032140138525050682e-02,-2.232480486014953025e-01,2.337297901035185477e-01,3.166327723668187905e-02,4.192817602794721155e-01,-2.373500396072865948e-01
4.144648026934225626e-01,-1.524544303203447249e-01,4.643262402443914527e-01,1.624506696490871371e-01,4.664985710057971413e-02,-3.209590160708848394e-01,7.117281156946241027e-02,-2.519671587575686433e-01,2.997248126975631810e-01,-1.506165571846118378e-01
-1.706970111860391659e-01,-6.397264543696560279e-01,4.803522634609029285e-01,-1.177791666036986790e-01,-1.071490298129492286e-01,-4.718569466904154464e-01,-2.229023716260910282e-01,-1.794306203790893561e-01,-4.297957988413762531e-01,2.915322816776433346e-01
7.842908520800888350e-02,2.950379510889682422e-01,3.576842295600284882e-01,-1.816822298997720353e-01,8.495003546040146014e-02,-2.791431355741796350e-01,-1.104593634240829264e-01,-1.531546317129860446e-01,1.603681011384174848e-01,3.386880344061200532e-01
-4.714511505812609693e-01,-7.620617630080986915e-01,4.175089027343736325e-01,-6.736636032116374295e-01,1.636093457637402548e-01,-2.285347319256020582e-01,2.669587152131731589e-01,2.941501653655833604e-01,3.494086613912188999e-01,1.976483695846335265e-01
-8.803720455959687663e-02,-1.063309850773234144e+00,6.356592534535084882e-01,-6.817964891732779531e-01,-1.409632289019212004e-01,-4.285293927146101023e-01,-1.143356249562929028e-01,-1.364808549328039577e-01,1.514469297508335699e-01,8.764646142961148023e-02
-1.695502616576459454e-01,-8.488027450754689895e-02,8.837806368161255088e-02,-5.976694439793521774e-01,2.818922886152250631e-02,-1.222340171976893652e-01,2.420796230527245407e-01,-1.684709140822324980e-01,1.010375972228446884e+00,-2.098723284063601091e-01
-4.559618523716794103e-01,-3.949566235550371757e-02,2.167161383071367631e-01,-6.838298249564054299e-01,-8.258169068988617523e-02,-3.927050748090029630e-01,5.243135775278025268e-02,-1.346748254287091495e-01,5.704335622281989648e-01,5.069835469957235663e-01
5.688276597328129763e-02,-1.559899268177480924e-01,3.467519912132966398e-01,-4.189737576313066758e-01,-1.313069639313776127e-01,-4.314387004326296626e-01,-6.021088919135580975e-01,-4.248095563691993704e-01,5.454135510123004904e-01,1.291949558044826890e-02
6.953660354860695669e-01,-2.892349209449305847e-01,3.699294212302262630e-01,-9.421060061949405873e-02,-9.830821299158369608e-02,-3.963186972330414726e-01,1.428847240607403479e-01,-3.954310169272579611e-01,-3.867594787455473360e-01,-2.085669840472468006e-01
4.313483334567690397e-01,-9.274925736850146984e-01,-1.952235725235897945e-01,-6.466604075471618640e-02,6.745106145596324598e-02,-5.253455008413335792e-01,-2.277543259924667274e-01,-5.576374636859769973e-01,3.599807794547599804e-01,1.106673578125003526e-01
4.894155710867730824e-01,2.013719735993172999e-01,2.658777081882887638e-01,1.138992382499581513e-01,1.151753588842983483e-01,-6.028251384451784878e-01,-3.403134828680732249e-01,-8.304784253738451971e-01,1.252640398048308068e-01,-5.593256433404006911e-01
-3.800745441457189511e-01,-8.617506590950632650e-02,-2.934014174428267174e-01,-1.956049455105967894e-01,-1.462897685530581415e-01,-1.214359456577331631e-01,-8.564086933731555884e-02,8.094267934182034496e-01,6.361165876160307375e-01,2.091998390985743417e-01
9.507745499365127806e-02,-4.193427207844784288e-01,2.194255174667850139e-01,-3.662609026579962124e-01,-6.422317131232098408e-02,9.939779101359244931e-03,-1.414538444939626993e-01,1.601723191375555855e-01,4.354706641014621238e-01,2.033258922327757234e-01
1.311315190569781464e-01,8.331487931489006682e-01,9.738396923456624221e-02,7.790073158457822000e-01,-7.431336627178777854e-02,-4.039408960705084416e-05,-7.491584643653469849e-03,8.360025049212514991e-01,2.814727399154060561e-01,7.004355946831077040e-02
-2.436456697830958196e-01,2.188234828979708224e-01,-4.945318886681571713e-01,1.568213734552504138e-02,7.910226708500220361e-02,1.104115961319487721e-01,2.281388498101795392e-01,8.168128753867108793e-01,-2.123472287020157778e-01,1.301741651424512813e-01
1.215711341017893313e-02,-5.159295504026690793e-01,-2.042643600093071998e-01,-1.041199016877491362e-02,9.866776892321009462e-02,-9.552516039789067659e-02,1.632455139535977928e-01,-4.850661926130741541e-01,8.596937659694876832e-02,-1.148766341427496090e-01
1.616520661303399997e-01,-1.214289881117667891e+00,1.431088820925994765e-01,8.223963101248216168e-02,1.094078933155563094e-01,-7.594862273911175132e-02,-1.355057281161395621e-01,1.050957419642506857e-01,-9.616076216316414571e-02,-3.351844657574054760e-03
3.963146561008115132e-01,-8.009983834390900226e-01,4.289594519703623932e-01,-4.517537632221669264e-01,5.544373797824951600e-02,-4.381031383149881497e-01,6.495478835488667502e-02,4.202229840400194955e-02,5.062962982395472489e-01,2.569139464809634954e-01
-2.630268899779326652e-01,-6.311309805406938311e-01,-1.136348412628949145e-01,6.349195050676842422e-02,-8.553516217594020477e-02,-4.609670957361355209e-02,1.647995780314822356e-01,3.751516747583634181e-01,6.574047386886839872e-01,-6.804231023322991623e-02
-6.708565216789011965e-01,-5.607089912171209223e-01,-1.849988477882454352e-01,-2.012614660455247784e-01,-1.683952169859581627e-01,-3.253180186027680998e-01,2.507715112201808205e-01,3.184166535064552050e-01,7.008413491489241531e-01,-4.607635649963155722e-02
-1.956069549272129726e-01,-1.475310320067875880e+00,-2.936964812142744408e-01,-4.630256725387949523e-01,-1.667074911359908707e-01,-1.564340934837860631e-01,-1.035515219538249709e-01,2.072534656685998955e-01,2.360922202954188753e-01,2.561575773785481625e-01
-4.873975627236637465e-01,7.580015780502380451e-03,-2.566477336305786339e-01,-6.308226164185072593e-02,-1.285425231190676365e-01,1.208044627453202652e-01,1.108633953643106546e-01,8.312923813286855756e-02,2.868921124269918077e-01,3.819086172708452409e-02
-2.969323697062233314e-01,2.792935150645148856e-01,3.776057611122057289e-01,-1.392593045717051559e-01,-1.324680262993016833e-01,1.448415113881817706e-01,-3.539938895480902459e-01,-5.436252092337526820e-01,1.512092984045709243e-01,1.258729827147412605e-01
3.645574186455255994e-01,4.937328285884474699e-01,2.578419475169193009e-01,-4.486112836114866664e-02,-1.422771207183841646e-01,-2.031532260731801764e-01,2.337811977574697497e-01,3.476412812147142706e-01,3.897725753183348130e-01,-2.317593769574814722e-01
1.764117195496527624e-01,-2.021847257218009272e-02,2.163518595267803768e-01,-5.732865203867496540e-01,5.464499986589885228e-02,-1.124167295980560560e-01,2.894579759079412562e-01,1.199554673629945750e-01,6.323053549887648617e-02,-3.117846779834863025e-01
-4.150752739472415298e-01,4.134674420098997105e-01,4.495883294339653724e-01,2.991194116895913857e-01,-8.847385551651044955e-02,4.132216095789402743e-01,-1.678894507805872849e-01,-5.531891574795712481e-03,2.188329309851666515e-01,2.219839930441488418e-01
3.177219511863068474e-02,7.568186036095134184e-02,3.935223919486308675e-01,2.057559268181808620e-01,7.752008518904200673e-02,3.363118644129733381e-01,-8.869769778789965420e-01,9.796090821629528655e-02,4.536615037296031772e-01,7.969846839280199380e-02
-5.739274940167766736e-01,5.266035050053249206e-02,4.076062442053041829e-02,-2.126923820947210497e-01,-4.253182102403068460e-02,1.219975650969503250e-01,-3.341803135667114621e-01,3.160855220639855467e-01,4.529648029513155261e-01,1.062082806385934303e-01
-2.601333848304157592e-01,-6.399701441380857281e-01,-6.144797871413474333e-01,-9.103867109819887560e-01,1.439104080547583091e-02,-2.264543581614052170e-01,2.346459086575079511e-01,7.258336698441903989e-01,2.417610042458244179e-01,4.852678949895404825e-01
-7.102963789289606922e-02,1.051883348877550528e+00,-2.322190948897871476e-01,-5.117173229352688368e-01,-2.064447063667154691e-01,1.647825514660780921e-01,3.630647241147351711e-01,3.568397901007898110e-01,4.310538395123489352e-01,-4.817697501764181545e-02
1.471751260372816117e-01,9.478229451294917229e-02,1.196795287678584507e-01,-1.170547014621587056e+00,-1.647317472479408740e-01,-9.038090023513405775e-04,-1.016271222361587456e-01,1.183488256662549448e-01,-7.964484676433654375e-02,8.121030908685407390e-02
-1.235439860188933606e-02,7.722970471920520552e-02,2.828744491674373696e-01,-5.954667869783450973e-01,-9.387434675078823454e-02,6.920579559992988405e-02,-1.038596491479747419e-01,2.079754465600686386e-01,9.407630099984991279e-02,-3.184238664724126783e-02
-2.234936306994848576e-01,-1.116297413919640658e+00,2.709302291264510942e-01,-1.678338579494187688e-01,3.173804795923041572e-02,-1.951627960295152509e-01,-2.620803925313062166e-01,2.828726419255614966e-01,-3.699904404864107765e-01,2.405781625952737313e-01
5.671775278659821895e-01,-7.987318158148289937e-01,1.718945824395575750e-01,3.551403863273226019e-02,-2.472771100023027357e-01,-1.734290681774126319e-01,-8.799453749510173506e-02,4.327011765283889089e-01,1.194688908824098894e-01,-1.240569354940938701e-01
6.366607268506698780e-01,6.980649332835084375e-02,-3.283719676296806278e-01,-1.223407455835259366e-01,-2.825161994976259708e-02,1.745514242023114837e-02,5.833748113338603491e-02,1.120296828904431968e-01,4.612936766014254508e-01,-2.909469700921609170e-01
1.585326061891373650e-01,5.515880243637011349e-01,-3.200552669907723025e-01,1.554849645404255687e-01,1.235183204356107151e-01,4.806240237620219326e-03,2.156618847068758893e-01,-1.647478180703494666e-01,1.636983914401140550e-01,9.044873132629240031e-02
-2.400210235387715829e-01,-1.781541999317823310e-01,-5.156088268014057813e-02,2.852349523551158672e-01,-1.495214598288813757e-01,-1.663999962931984877e-01,4.882770667642801210e-01,7.416361164765871150e-01,3.165412579080696953e-01,9.308205367007744979e-02
-5.164923679373462778e-02,-4.475245865567498704e-01,2.466316544372712527e-01,2.676415682463169077e-01,1.286766308334726938e-01,-7.833581199489865476e-02,3.699237260826350460e-02,-1.495011905755330994e-01,-1.130921512139639179e-01,-5.920232354269175379e-02
-1.317676369020425176e-01,6.483053439532057149e-01,6.050541853241413470e-01,6.497105184042959447e-01,-1.559086838370573602e-01,2.346379053012142002e-01,5.133079161797715617e-01,-1.731191122089093815e-01,1.478768360731088638e-01,-4.896731074977624942e-01
5.692403495939423186e-01,1.473747130661185567e+00,5.195347163024393033e-01,5.727344723887266287e-02,4.362198082671737281e-02,2.467777751158303501e-01,9.658111381101439075e-02,-3.119706112296018463e-01,4.372969574095981193e-01,3.542795265675863746e-03
-1.631826903887684255e-01,3.970968633596443920e-01,2.831727182475962112e-01,4.638719988291952201e-01,-1.658578455772622418e-01,5.631600402871129729e-01,3.878340660487647473e-01,6.445526383582363961e-01,7.073221943988056148e-01,-3.155904457021959653e-01
-3.705426116120421609e-01,6.511275712002583260e-01,-3.600428397506372918e-02,2.366000587952337419e-01,-1.965877332907766117e-01,1.219175293406546817e-01,-4.643260464833129375e-01,9.829998955642660352e-01,9.744393993536372145e-01,-1.017578914765398385e-01
-4.760965271175549018e-01,3.096679313336149209e-01,1.128014982743343886e-01,1.499207967642919026e-01,4.155499676135000070e-02,2.009481417865013608e-01,-1.876929486370112199e-01,1.775460474817889822e-01,1.050682926990513355e+00,-3.111564032183832262e-01
-2.628647023588890352e-01,-9.363424806655418209e-02,1.139260154155903072e-02,-3.501434692773465751e-01,-2.506147490851453608e-01,-3.031781457494530096e-01,-4.273993918739703302e-02,3.650924269288465807e-01,7.111678603522125774e-01,3.676716066210460321e-01
-1.917891133234378709e-01,-3.251575591117162323e-01,-3.322994323982808029e-01,-6.174458004535576805e-01,-5.329762786766960303e-02,-4.515022253293363326e-03,1.665135503153560015e-01,3.561047917058484114e-01,6.558180509320455931e-01,3.004299282472065458e-01
3.254825903331989290e-01,6.776283411548927882e-02,-4.820871727600994222e-02,-1.211799190665614478e+00,-1.976303310055478324e-01,1.384355025269872475e-01,-1.409402161498254369e-01,-2.889970864162164088e-01,6.110946739992159649e-02,-4.649728200052831439e-02
6.140865436754056744e-02,-3.123380300523693753e-01,-2.344421031168740788e-01,-9.024177189110240693e-01,-1.676136128703819422e-02,8.326474027449216886e-02,-9.476285671153503176e-02,2.276956341711942611e-01,5.297919270497274125e-02,6.616805859227016529e-02
-3.078661499001580371e-01,-1.858274569562139988e-01,7.869433769468798037e-03,-8.170725316154534568e-01,4.780749361077845511e-02,3.098194473604504867e-02,6.161404405696425252e-02,4.744278587534598302e-01,-4.290153598635293997e-01,1.534759759575134441e-01
-2.235939852522949300e-01,2.565283488934645417e-01,1.823466233623404278e-02,-1.548267598614767315e-01,9.714882076220443530e-02,8.129675224884229390e-02,-8.218811929289313034e-02,7.349896149600626538e-01,-2.656612457045819387e-01,-4.561610784821065745e-02
4.558960341913900205e-01,-1.103738624503880272e+00,1.892380009404824315e-01,-4.632764635582022339e-01,1.095033903707844916e-03,1.169732466593460807e-02,2.442677150338898873e-01,4.066932219597799714e-01,2.592006050588405164e-01,-4.437232719785866308e-01
1.649145781516114517e-01,3.141313419140462360e-01,-5.395755780083102277e-02,-1.602858756887698688e-01,-1.258102954142454877e-01,1.303828344165330055e-01,-1.402420274066408790e-01,3.632021191833597618e-01,3.311054759253224122e-01,-5.770096541234021048e-02
1.039348707451442644e-01,2.175715634921123742e-01,-6.951542349682524602e-01,-5.102537840753471055e-02,7.451292742035024730e-02,1.039536317444827995e-02,4.305718940924981308e-01,3.740837620194373825e-01,-2.390324340987173835e-01,-3.709691622738671146e-01
7.746586578396794098e-02,3.790472256061072631e-01,-2.544594085175122880e-02,-4.741726642295565619e-01,-3.178693455874654489e-02,6.470001543345488271e-02,6.364920664671261941e-01,-1.145157262223094469e-01,5.006821029116875765e-02,5.828969306809600459e-02
1.011168818953483428e-01,-7.349093715789333237e-01,1.612021525200921235e-01,2.366626090597734877e-01,-8.681095124174238731e-02,1.454480178833119919e-01,3.703490019998283977e-01,6.763988034425628681e-01,-6.910840757233342735e-02,-1.013125115383139291e-01
-1.272776257065012240e-01,4.853558354807406827e-01,6.308635112750851093e-01,-1.293568424090918156e-01,1.371134897083210458e-01,3.876409956281117175e-01,2.294263954016927121e-01,5.235053631133258500e-01,-4.119318671391754283e-02,1.093530592237329929e-01
-3.901968341095972681e-01,5.023311158266104970e-01,3.513447291164108893e-02,5.782937599415350904e-01,-2.838667998947538504e-02,2.920421873956629000e-01,3.585599906996116970e-01,-2.025180371633832077e-01,2.830041831184302858e-01,-7.102414427247355803e-04
-1.194531709479840775e-01,9.606625207823518697e-02,3.730852932533731264e-02,-4.800895154836857248e-01,8.020220860764433468e-02,-3.085167953482060438e-02,2.443072595142641856e-01,7.203962627679413311e-01,-3.238814569718606595e-01,4.151168766886168537e-01
-6.033363625481275028e-01,3.014737294157740846e-02,1.101942133182436390e-01,2.326282556377242128e-01,-4.619625067313861333e-04,3.991323140857988561e-01,-5.140512460751693880e-01,4.652401426566230569e-01,-1.427689063901541600e-01,5.679748841309603113e-01
-1.875818507639745447e-01,5.415763211911369668e-01,-2.089360902364225878e-02,5.925415027030689341e-02,-1.856466918015484135e-01,3.507631372115888047e-01,3.083216460262475089e-01,3.402272320361746649e-01,8.153899898617794628e-01,-2.154077670121877230e-01
-8.685743586591456733e-01,4.718608168670700431e-01,-4.429040298516799257e-01,-5.877747099508956463e-01,8.867109512017419537e-02,4.270750109321511286e-03,-3.451080769736534770e-01,2.335732793051578104e-01,1.373757848625094313e+00,-1.756753314794592610e-02
-1.529044633479277604e-01,1.650127485385221027e-01,-5.759319837325928004e-01,-2.734616506902038391e-01,-8.428282971707710958e-02,2.285074696356864388e-01,2.937024753752754402e-01,9.001060860902362348e-01,7.419246675321636841e-01,2.251550186845204665e-02
4.577823757735414167e-01,-1.168926971334948717e-01,-2.492493786642372977e-01,-6.269758181206456227e-01,-3.989360199937186380e-02,1.045175468084712650e-01,2.574971831211439813e-02,-2.197468618844711230e-01,5.704852367433889127e-01,-1.067578674619454743e-01
6.562177391566041962e-01,-1.140125013308692092e-01,-1.938824037803987821e-01,-7.001489625274290862e-01,-2.350737069788974010e-01,3.368167230998508205e-02,-1.875270624743950731e-01,-5.633754716582560773e-01,1.005545663924459730e-02,1.555407636922803982e-01
2.693069804777048146e-02,-6.352883511371997249e-01,-3.900448074968875800e-01,-5.336019919118557553e-01,2.888970084300047231e-03,9.990290636511205136e-02,3.519977057424339417e-02,-2.839342914875911741e-02,-5.381619986432767400e-01,-1.467461006218314101e-01
2.803988139321694772e-01,-1.056566030690441860e+00,-2.388274954950198592e-01,-4.774183297587010211e-01,-6.753389820306342217e-02,3.248419420224430559e-02,-1.404503599756825594e-01,7.198665021631928118e-01,-9.891234504786043658e-02,-6.532756392590822747e-01
3.166921137144691478e-01,-1.321064787331112989e+00,4.672620869217037343e-01,2.167209986664251076e-01,-1.171103625821700023e-01,2.982254394652464891e-01,-1.733400682744622168e-01,-5.573553416025422980e-02,-6.474294216523680812e-02,2.104148756014350904e-02
2.331083915543089025e-01,3.648324557717511629e-01,2.035029263142189571e-01,1.284444303374982638e-02,1.650462568537893193e-01,1.899050315932050148e-01,-2.996729318067243297e-01,6.299745424922743586e-01,1.081396884489623095e-01,-3.335054114595548125e-02
4.350607303067897252e-02,1.431901635963502839e-01,-3.008746267566569377e-01,-3.384607771269224075e-01,-8.003492593554814571e-02,-6.690277865378042865e-02,4.498405950345740201e-01,5.587306525175478843e-03,-1.780205606826776310e-01,-1.706037545093997965e-01
-1.311253568616399801e-01,2.554847749434962512e-01,-7.219173502992573543e-02,-3.340283787957311623e-01,5.023579591801861227e-03,1.805455309742928782e-01,2.399272115026830077e-01,1.178954157658309715e-01,1.750389088046380368e-02,-2.676943694066887813e-01
-2.125990542487797563e-01,4.746250863276723075e-01,-1.809526368012854061e-02,-5.596420044915166869e-01,-1.573296494818604563e-01,1.442946499020099360e-01,-4.496220068444432838e-02,-4.573955368597500820e-02,1.743862693850195544e-01,5.507900867462502126e-02
-3.715973711972305749e-01,-5.402011574307051811e-01,8.467986765483845324e-02,4.302674929435646445e-01,8.305631407406978417e-02,-3.322751257015529175e-02,1.316211044524780160e-01,2.718702310393779700e-02,1.401729276269897406e-01,3.270786672569597764e-01
-2.771004736369261368e-01,7.416938460671170796e-01,-1.163066336854330085e-01,-3.247916067579593169e-01,-2.089391681883048801e-01,-1.754447592401328360e-01,-8.165254977005992343e-02,1.031298296216104804e+00,-2.089897629640659060e-01,1.980862238766319949e-01
2.018294738827050919e-02,1.077311600006083614e+00,1.116084727832286350e-01,-7.016863762308805930e-01,-2.181510226684595932e-01,2.469127941835299045e-01,-4.973898538598243158e-01,-1.606798806271609870e-01,-5.321218162298221310e-01,4.353669235616449695e-01
-3.988766267866376003e-01,9.078947525057160517e-01,7.431849898323983350e-01,-5.673468485057383548e-01,8.279311571726652441e-02,8.416830731732787008e-02,2.141850622791797165e-01,7.921645642962095168e-01,-6.466851890532382408e-01,7.149190109578970054e-01
-4.257970499359975403e-01,7.329786502561687067e-01,-2.906898481282323421e-01,-1.580520556502745533e-01,-2.663205241939620715e-01,3.094699820100171861e-01,5.173088783441625038e-01,6.550969649305516951e-01,6.164895334422043627e-01,-3.007030779897559292e-01
-5.331898674711037511e-01,6.747976365887925487e-01,-2.715744904140794946e-01,-9.967404711031927489e-01,-5.016820048880584609e-02,-4.856946840894383471e-02,-3.383452458263599971e-01,5.394222777298723903e-01,9.159530245574633023e-01,-3.097686166942341668e-01
-1.056254364234254783e-01,8.328509173420025613e-01,-5.961382364074774287e-01,7.378618356798263278e-01,8.721919107985796893e-02,4.332511236585169234e-01,3.204870065791667888e-01,7.904304224937078738e-01,1.230851157166801935e+00,-3.784075105953693674e-01
8.451927852786391693e-01,-2.044418447660684493e-02,-4.017132862242924207e-01,1.180742019621988659e-01,-5.656127236726585933e-02,2.894123494740389324e-01,4.705710741691339627e-01,-2.470753384633355698e-01,8.071049898434373704e-01,-3.688271338353898976e-01
2.121115956659335999e-01,-4.898172787124585592e-02,1.890024169273273325e-01,2.108720078056044722e-01,-2.547225887269132794e-01,2.441692244527956523e-01,-1.714022408595121047e-02,-7.832781360659054615e-01,2.338889058623692119e-01,-4.862446673585422707e-01
2.189271675044744125e-01,-1.921801700252802614e-01,3.119822573354521025e-02,-8.013916551065556337e-01,5.145882523479990839e-02,2.686019756957354065e-01,-5.954772951179666540e-01,-2.243373100704969536e-01,2.476686027406573842e-01,1.307539944226177031e-01
1.053455039742835775e-01,-8.978853164863443981e-01,3.841249258210651107e-01,-3.017402616306159024e-01,-1.888531645013892812e-01,4.781651840486401683e-01,-2.246403404460970143e-01,-2.675584611575497207e-01,-1.024583199015559470e-01,2.205285700497111590e-01
1.051663115747744626e-01,-2.135656200944578309e+00,1.039283457963062207e-01,4.765428948930215403e-01,-1.046737432742433777e-01,-6.067255132853777155e-02,1.103640464981835434e-01,3.244334561521918792e-01,-2.101944739515124727e-01,2.413980232861844821e-01
-1.543580233165985777e-02,-3.315384358865125503e-01,-1.414177179679731444e-01,4.333819899327286396e-01,1.496780047881753339e-01,-8.921543456889720336e-02,-2.265479632596091031e-01,9.901882364736130926e-01,-5.893339018744981894e-01,3.723583424726490954e-01
-4.395132285498128955e-01,3.198448622677373399e-01,3.252310875182393146e-01,-8.203940045723912000e-02,1.425405234247831276e-02,-2.620462751356807951e-01,-1.915904665399680018e-01,6.488122557135357349e-01,-2.025966335879255120e-01,4.856607123025965533e-01
-6.442318520924075198e-01,3.166986206922567382e-01,-8.430826707578739296e-03,6.150153148085174548e-02,1.078396706691337886e-01,-3.146993411046513645e-01,-1.781045569406885243e-01,-2.194720636907897954e-02,-1.885630036015367716e-01,4.338849267320267211e-01
-1.062880940307348254e+00,-7.514309276105105573e-01,4.395524183362956028e-01,2.547144994853065003e-01,-1.564268272633065893e-01,2.104326090607119004e-01,-5.580525559835659566e-01,5.485390531850821150e-01,-4.322064532448993135e-01,7.954495324518916499e-01
-2.152768240964356983e-01,4.379421352575724735e-01,-1.239482853089608483e-01,7.016158067455990910e-02,1.265858794637861051e-01,-1.505420668133041796e-02,-3.644802092104982294e-01,3.392406907695568741e-01,-2.911248610145836246e-01,2.101018962548629188e-01
-2.048093141123456806e-01,-1.478024173727603141e-01,-1.009981113394748352e-02,4.431815051288131024e-01,-1.028770632240350730e-01,-7.740788699658322780e-02,1.416787243263279150e-01,-8.668412774953228317e-02,-5.644087688507334333e-01,6.352587770710259318e-02
-1.829539668824222698e-01,4.199258097213515173e-01,-3.447018194878390812e-02,4.468541812305484862e-01,-1.747859685461540871e-02,4.528250635320937301e-01,2.884345926809627758e-01,1.092490601588370636e+00,-5.805296379616978752e-01,5.515431210792567374e-01
2.626744243600031004e-01,-4.338733607984957691e-02,3.893258698834332985e-03,8.968122387062413825e-01,2.890417206954194393e-02,2.070488914959087712e-01,-1.169653219207514167e-01,5.981524022088388071e-01,-9.375995288785381188e-02,3.154597593076549078e-01
-5.745483978091810856e-02,-2.897682242735923897e-01,1.057405333523826763e-01,-5.508913784080331499e-01,3.452900856068501917e-02,2.120417261153596800e-01,1.844481300622221875e-01,6.961330783975615277e-02,1.010559009954821313e-01,3.518212850136883674e-01
-6.077150061555274263e-01,4.602934326386081132e-01,-1.286307302050413992e-01,-9.720588199578157618e-02,2.164728766498294835e-02,2.228241910483486909e-01,2.305799929276164048e-02,1.598142194954196016e-01,1.256063360297672293e+00,-3.359568266016217386e-01
-2.066675356247484885e-01,5.736692731279412483e-01,-2.886954538000709447e-01,1.236457721403652898e-01,-2.487462625131472427e-01,2.988817223595906514e-01,3.359429002037768730e-01,3.917237396860018261e-01,8.637571593122809199e-01,-6.851142813725074054e-01
9.695053659513725997e-01,-6.988377010023855140e-01,-3.549388563067027991e-01,8.336719828285414913e-01,-1.093708954514094889e-01,3.830462915378946009e-01,4.242478400075453959e-01,-5.315605260559590206e-02,1.121973659956898794e+00,-5.648644110787232053e-01
5.354247628775254952e-01,-4.338152995904338560e-01,-2.736905861831802622e-01,4.040178626125779382e-01,-5.451066126579762194e-02,8.550117795597246551e-02,1.085462146259162097e-01,-3.651577241433121568e-01,2.071976389812371089e-01,-5.814962917624514338e-01
1.470688546218626713e-01,-4.670281722845025518e-01,1.094624420750055782e-01,3.913749647255117536e-01,-8.306396742917675213e-02,2.035245983434206263e-01,1.436582339881026064e-02,-4.610223907659247722e-01,-1.631225113245299285e-01,-1.643323518072306866e-01
1.268671214327752594e-01,-4.133008939306155316e-01,-4.201808199967736468e-01,-3.722959419031025841e-02,-2.039714736247182358e-01,1.903054940542383000e-01,-1.169935762148004710e-01,1.697266965297864472e-01,-6.880149801693730138e-02,6.311720562519307354e-02
4.011226608935912763e-01,-3.042673083658808952e-01,-3.389460525550598846e-01,-1.593070149955002901e-01,1.547574035426836359e-01,-5.895940682878850377e-03,-5.214452113140712053e-02,2.398541599705910909e-01,-1.666490570923602199e-01,-5.188676725143535895e-02
-1.003780031286678476e-01,-1.977160378909705862e-01,-6.121944487982451362e-04,-1.326401712464731208e-01,2.209776575649772257e-01,-1.976752139675303221e-01,-5.898255799120801779e-01,5.279207294062538969e-01,-2.465619723635585347e-01,-2.740690570091422126e-02
-4.185616438094572622e-01,-4.079364101563668354e-01,5.516620414433055508e-01,5.792837310821415120e-02,-3.658598747039587540e-02,-1.958595145493203377e-02,-6.485208199921020933e-01,6.479581067776382097e-01,5.334333968459233771e-02,5.479704048344591349e-01
4.694134362487497603e-01,-7.688074456308481297e-01,3.866711872040499709e-01,7.408343299345006017e-01,4.355188086596845781e-02,-1.840223930124168517e-01,-3.104885172349242661e-01,7.767569600319451650e-01,-9.903100030506875595e-02,8.824446379538213037e-02
2.029083656072300582e-02,-7.959119595887372833e-01,2.725437255455911978e-01,-4.701168601237676326e-02,9.320790072463543130e-02,-3.019483831666881085e-02,-5.028869711911375662e-01,1.276754392429548135e+00,-4.267760003080373621e-01,2.181486795307853166e-01
2.467000136919549336e-01,6.919576895051512966e-02,7.299422961929800113e-01,-5.066289471489314744e-01,2.793015132203068365e-02,5.554270532464902210e-01,1.345998726268552437e-01,1.742412365424156062e-01,-6.484375687916877906e-01,1.729121693948363347e-01
2.167245704476993828e-01,-2.135819610364605436e-01,-2.601092202170118273e-01,1.736882486303372997e-01,1.635556050123786534e-02,4.170215103156315051e-01,5.904369133995737706e-02,1.019670228152016245e+00,-4.135985199099131981e-01,3.612996744426660856e-01
1.241041363817106391e-01,-3.584826678516221665e-02,-4.820696195354116226e-02,1.004448124285837185e-01,-1.062631039573041503e-01,7.723562836805034637e-01,1.950041905275558818e-01,6.273394890561821979e-01,-4.728333961950905162e-01,-2.512756981359036759e-02
8.704961296265580906e-01,-9.519901659537668981e-02,2.971118245382053380e-01,7.171460153510007818e-02,-2.207630216586219385e-01,5.245403073753952539e-01,-6.191227675664178198e-01,5.251971206134183889e-01,4.435307133744771646e-02,-1.936493034014312095e-02
-3.242737562816227354e-02,6.404614659831741053e-01,2.370368368427785977e-01,4.761584959314078547e-01,-5.938211722624519434e-02,5.171173877418058229e-01,-2.821243179097301934e-01,1.578443047332949989e-01,2.087270261137587624e-01,-2.952149480277051208e-02
6.428689589971844920e-02,5.887537600462583454e-01,1.771709569575945498e-01,1.643222392590001635e-01,-2.076716356309545389e-02,7.729076055605430505e-03,-1.380633797930428119e-01,-2.258587837447661451e-01,6.239317820825013294e-01,-1.121209743342320847e-01
-6.495824533303062864e-02,8.227219015950809622e-02,1.251553971622751220e-02,4.308452067508217187e-02,-5.491656622663173420e-02,2.979497568666045204e-01,5.517133441924294557e-01,-9.070260127483777135e-02,7.736328567211844254e-01,-4.191763960935525057e-01
7.115417631473019977e-01,-1.101884847432854919e-01,-5.957978522630529294e-01,5.761409800631077660e-01,-1.754167399711912823e-01,2.718306784363796469e-01,5.097318598930661304e-01,3.601361047252510383e-01,1.211918290391825748e+00,-8.401145549626457543e-01
4.895987711073803705e-01,-5.857031915569940184e-01,-6.891382454711432182e-01,1.756859964285431841e-01,-9.536902977124098527e-03,3.294713244940786767e-01,8.718061020940027772e-01,9.061278264157797413e-02,5.562649259425446191e-01,-1.236215449021398127e+00
7.746369787062545864e-02,-2.767163257050365699e-01,-4.007804827356607480e-01,3.170269342976414495e-01,-1.391487265976371068e-01,2.332098950920090674e-01,5.765826812508952903e-01,4.246516887308387500e-01,-3.605638676808576304e-01,-9.564056776465028331e-02
4.089357859603410805e-01,9.414845528627849847e-01,-5.693728227253221919e-01,-7.186445813972186514e-02,-9.052796895184994641e-02,1.734947064208778034e-01,3.805707894554947734e-01,4.378796712916901424e-01,-5.077768747454984855e-01,-1.502547377552549135e-01
1.768643998322799726e-02,5.533621783889194345e-01,-2.646338883215534343e-01,-3.493333440560966729e-01,-8.242234129048152391e-02,-2.737934582911000225e-02,-2.121087538817404694e-01,9.232736406223144288e-01,-3.678279486896227080e-01,-3.985847402571119913e-01
3.692693771066031250e-01,-4.746552379420309609e-01,-4.074008138774103949e-01,6.917143568324251035e-01,3.799150823802098509e-02,-1.485877117141835568e-01,-2.320874095136948034e-01,9.141289605332117985e-01,9.719110379632779195e-04,7.853362109456848983e-03
1.237796616755223317e-01,1.289089267358079494e-01,-2.410384781815922972e-01,8.542480243631707104e-01,-1.613445486194717282e-01,-2.558340303057353715e-01,-1.939270914337629381e-01,8.883947251102449760e-01,-2.128083103234156281e-01,1.672070994998721138e-01
-4.181569314432458800e-02,4.725299784447083429e-01,6.684730092314430938e-02,2.087397609032304036e-01,1.121417322889789320e-01,-2.432912751343248581e-01,-6.040858079365898220e-02,4.666184285779689800e-01,-4.114990827909258964e-01,9.539445948357565264e-02
5.871205518074152918e-01,-6.166021226582921733e-01,-8.847781524068591974e-01,-3.609179313621604934e-01,-4.913021799411246976e-02,-3.681924178481232879e-01,-1.170339272897207017e-01,6.005619222690611325e-01,-5.344423289912371144e-01,-3.472554976452761899e-01
5.379903620306004663e-01,-4.801087856000436638e-01,2.857990775468741140e-01,-2.204356256723339486e-02,4.037779688596437183e-02,1.106666830516886552e-01,-2.801736329515102653e-01,5.202921707446314104e-01,-3.536892533647142400e-01,2.688715735027180642e-01
8.076645752016380353e-01,-1.916549175257621918e-01,-4.005051521068644926e-01,-1.322186677231651508e-01,-1.170134171093880140e-02,-2.068560372316357449e-02,1.747192570186497929e-01,-7.962923289644401048e-02,-3.431358938822758886e-01,3.933549256611854755e-02
-3.060961866302167392e-02,-8.054562097237224494e-01,2.377378509891004965e-01,6.683013347769395374e-01,-1.590058462195344940e-02,-9.250494018172643329e-02,4.047974103742599250e-01,4.711428968486219837e-01,-1.870892965346160342e-01,-1.140807801267053473e-01
-5.353015083962994192e-01,-3.559562736975915298e-01,1.373808250724092572e-01,7.185738348178198898e-01,8.820019666476335007e-02,3.756913198671474330e-01,-3.371673913489839358e-01,3.794352188870999676e-01,1.191935519780563599e-02,1.244208658164843578e-01
-2.871355609240047735e-02,-5.796585937967381197e-01,4.921825089312153456e-01,9.082789152952839284e-01,1.308123163013876766e-01,2.351917215748742795e-01,2.510410007177406588e-01,-7.331972094119250383e-02,-1.507859995166359046e-01,-4.559788147588154095e-01
-4.823222491889368468e-01,-1.367793301260665340e+00,2.980580752482522855e-01,3.690418414854142459e-01,-9.960048393855162885e-02,4.892277534434186920e-02,-2.138435797086221321e-02,-4.235915167593912178e-01,2.719183793197496035e-01,-2.192048570652984640e-01
5.109177833587769113e-01,-7.647027545051517938e-01,-2.009036041818164642e-01,3.633521109738188648e-01,-4.862107993378794041e-02,3.514934336141215532e-01,3.322144488828935871e-01,-1.794663708944763125e-01,9.968129838943515786e-01,-5.919223029251380330e-01
7.223010190523817542e-01,8.667156845002030319e-02,-5.567643983769459126e-01,2.132501657164797282e-01,1.566142935979794940e-02,2.164974318138146725e-01,6.163612425555679009e-01,1.207365350976103008e-01,7.917350611501549063e-01,-3.789437235674045779e-01
2.847307149817467908e-01,-4.452731302195989116e-01,-7.201665681746920455e-01,3.933641956096465830e-01,-5.950903808507097131e-02,4.272085205027844612e-01,8.287244437298139088e-01,4.295394889165320418e-01,8.209313380515882441e-01,-5.737460729913163027e-01
1.104357795837230150e+00,1.099284702199418429e-01,-1.039926704931542822e+00,8.118945258121257336e-01,6.253815473022361626e-02,4.709649368079737476e-03,2.234296328335114434e-01,-3.718135892594955916e-01,-2.003357360529949838e-01,-1.628046440982548471e-01
1.935423056031607969e-01,3.863113022110954420e-01,-1.785728723376308058e-01,3.819995739493479703e-01,1.831508916377648233e-01,1.445044316843321075e-01,1.917100415455048890e-01,8.154555065738536834e-01,-7.997649037179314913e-02,2.921406448726086014e-01
3.590281821039390531e-01,4.535552440067963098e-01,-1.065561236491129882e-01,5.658750439423474443e-01,-1.504079228265459145e-01,3.203605163852295545e-01,1.393688584317559209e-01,7.959174300767183352e-01,-4.109227529009738533e-01,9.658277433055888206e-02
5.669913978867630044e-01,8.188048626963456700e-01,2.991514427704166645e-01,5.727935605830352106e-01,-1.409395412352154597e-01,-3.482131801055923237e-01,-2.686368180886100077e-01,5.614371798521736734e-01,-3.950573719402406536e-01,6.768472389267508882e-02
3.113076223803591391e-01,6.227437688828997286e-01,-1.222709049951939964e-01,7.478501482986879001e-01,-2.353010763648512027e-01,6.529933567672606409e-02,-4.388250008698443838e-01,-1.219833095388733052e-01,-5.931605901970958827e-01,9.927244954103771335e-02
3.341794627865578571e-01,4.338854402190122084e-01,-1.383393033670994414e-02,1.341928052824873374e+00,-1.412663069106052660e-01,-2.051414761470887471e-01,-3.382381763383150441e-01,1.800349947217579905e-01,-2.904657013963992118e-01,4.794194330023871520e-01
1.338246791306087757e-01,-2.841668765375173211e-01,4.845165780498938424e-01,-5.229615598986375735e-02,-9.947094699923782202e-02,-7.476850096390412481e-02,-1.081250195594113395e-01,5.258925271445861194e-01,-1.503224358784767678e-01,1.593382028424880636e-01
8.968463262107062572e-02,-6.181548132796258477e-01,1.798495732065803487e-01,3.310172097121434898e-01,7.136548101861579438e-03,4.341447402618903162e-01,-2.287319049361765111e-01,5.764639763590785337e-01,-2.870972513226675016e-01,1.851657349030041144e-01
4.143831295715479923e-01,-8.440687198913422451e-01,1.972302676430436885e-01,1.178509498737483341e+00,2.596149043864838871e-02,2.978432719415247121e-01,-3.204897645506845083e-01,3.606186954399046574e-01,-2.608024929516472024e-01,-1.723723020543941054e-01
-1.589015864699647174e-02,-6.661135952386262327e-01,-1.281769655779981254e-01,-8.008469609058926908e-02,2.223291651904269264e-02,-1.454208703162024885e-01,-5.022432996909902136e-02,1.043481975079593616e+00,1.849438165225903430e-01,-1.744450107846004794e-01
-3.400425946454437715e-02,-3.892004200142543113e-01,-1.629452854659842465e-01,-3.832006658011692657e-02,5.246252525093942493e-02,3.656394708036576624e-01,-1.623744888505967987e-01,7.184791721109627660e-02,3.306009941029905419e-02,-2.369611035817489608e-01
-3.678037966274201320e-01,-6.841079698938178355e-01,-2.397542284455642450e-02,1.785604259411887329e-01,1.172188577878829768e-01,-5.472571096891732517e-02,4.867421844941760556e-02,3.856081314756474310e-01,-5.830851209360378151e-01,-6.045956794630216735e-02
1.035427629505779323e-01,-1.275557534130154158e+00,4.244262497658317090e-01,-1.019504054195873588e-01,4.267117132864776258e-02,-8.637502806906634245e-02,2.410809293239581097e-01,-2.964811416862276894e-01,-2.233428196957692458e-01,-3.676998097948593891e-01
2.352564489344205478e-01,-1.879391730704724761e-01,2.650173424884292861e-01,-4.323631748184046664e-02,-1.522754422732709445e-01,-3.325885746979179852e-02,2.982532283610200285e-01,-5.544655672066879648e-02,8.239836519904114587e-01,-4.348592980682722819e-01
2.045832044791038307e-01,3.600376190824853273e-01,-8.733980684562838714e-01,3.329011694908581842e-01,-1.816823522855848805e-01,3.516949159860152108e-01,3.908794651473559978e-01,8.025654218627132908e-01,3.434148897282284785e-01,-5.619011011829188051e-01
3.164270249401392454e-01,5.159787486300034809e-01,-1.126251051662057634e+00,7.482489728445240740e-02,-1.414235357684545114e-01,4.023026360448156424e-01,5.276154157908296005e-01,7.468654745771504677e-01,4.643039583296842410e-01,-8.504489915331673311e-01
7.284723139399660319e-01,8.056986276475913700e-01,-1.227941283264628591e+00,4.411798184295231962e-02,1.465892703247214102e-01,-1.617084247359608373e-01,-1.034518372277988194e-02,3.882207414731225770e-01,4.156538451294217729e-01,-9.663707529610633395e-01
-1.136106938610447203e-01,4.198652928314705601e-01,-1.412623038984376134e+00,6.343510301752063318e-01,4.066781394658728482e-02,8.552384071787817732e-02,7.965678393994858331e-01,6.401492191948895405e-01,6.178873339685447830e-01,-9.056876553171221422e-01
2.485758840803508340e-01,1.056624725626921890e+00,-2.694217060943300823e-01,2.073794025288311083e-01,7.387036769186623719e-02,-2.995226018721155459e-01,5.631610473928071459e-01,5.247404235493521307e-01,-8.919004912153104259e-02,-2.498764901575013103e-02
1.259398169777466436e-01,8.838821889298361656e-01,-5.723244664496169448e-02,1.059564201253640758e-01,1.027571420311088890e-01,7.593106468676046050e-02,7.547048843643551497e-02,1.932839024036729914e-01,-1.803727205571088454e-01,1.158708161118928576e-01
6.507154338258882564e-01,1.183981295000231304e+00,-6.066021617098273921e-01,4.899090670886864785e-01,1.792923146039072241e-02,1.534169733712015815e-01,2.336006837705231487e-01,1.389828371311916388e-01,-5.211924626277245065e-02,-3.097057236239000311e-01
2.733023424741530816e-01,3.791860329461412826e-01,1.394455521825817002e-01,5.093260609384280269e-01,1.432515270394914553e-01,3.678631020254879980e-01,4.157837039349042418e-03,1.273604074259065133e-01,-1.764039698817342905e-01,3.483671302868655839e-02
2.633781444752520962e-01,-1.555560795362118387e-01,-1.790740842603180324e-02,6.186812162107191426e-01,9.464904063644802301e-02,1.429757306419449266e-02,1.973405213250898071e-01,9.527130646049303264e-01,-1.414876207654471862e-01,6.688307532488126095e-02
1.708960360413137314e-01,-2.095039486682728769e-01,4.357019406848779662e-03,4.079270065635013931e-01,-7.234912714274016610e-02,4.914488132614177607e-01,2.023166167456815490e-01,4.855547517801632185e-01,-3.379235360116285558e-01,-6.949321458686590069e-02
1.890612900530255491e-01,-3.623677047094231440e-01,-4.937425776634075253e-02,5.160379017807140700e-01,1.811013031242306726e-01,4.173794864249722458e-01,4.822518827506787065e-01,9.446518315415566164e-03,-4.036827898815600890e-01,-5.270565264460295163e-01
1.615392481990507723e-01,-1.736780462584081919e+00,2.305921066095442118e-01,1.136080579537062790e-01,-9.792592814784702171e-02,2.037020473518363628e-01,4.133695446627177472e-01,-3.569391746620839689e-01,-2.335412353040443034e-01,-6.052976124074226361e-01
-6.248604517593522867e-02,-1.004549952058509277e+00,-3.575342491276065071e-01,-4.220891816378983807e-01,-9.218377429667504175e-02,7.251167093435219313e-02,-5.401922544689363725e-02,7.106839746889465070e-01,-3.953569641982234567e-02,-3.437016389166782648e-01
1.779234353398256030e-01,-1.080076331379918209e+00,-1.759797298268462318e-01,9.723833251965063873e-02,1.143178486609651850e-01,2.046264004603759179e-01,-3.261859952135089114e-02,4.120316396498786560e-01,1.698647909094421204e-01,-4.059471228476051463e-01
2.253045069897820496e-01,-1.311804144692439111e+00,-2.333694456497435454e-01,-4.134051187193153454e-01,4.036449605148684228e-02,1.760171435050605221e-02,8.650148055601465658e-02,1.667199271649375814e-01,-3.220598797660789280e-03,-2.756351503631360722e-01
6.872655802551462800e-01,-5.012463001430960130e-01,5.808019098859751317e-01,1.913787904867136624e-01,2.026883542697187693e-02,2.310024590171766701e-01,1.788624009732247278e-01,-3.682335751820333680e-01,3.515597263678405526e-01,-8.176593456944684923e-02
4.640458266649355457e-01,1.295620896891714058e-01,-1.093782313846761722e-01,1.562198508989919576e-01,-1.696310147465513452e-01,9.586356845457523479e-02,1.180826801902972178e-01,9.724011141768894584e-01,4.302794404219822400e-01,-4.050374974626038682e-01
6.219565176293941899e-01,5.067011356912861642e-01,-3.790570854042057403e-01,1.067251115854509977e-02,-1.538992788837217907e-01,-2.225247646166653992e-01,3.498680235065483590e-02,1.151771007586997131e+00,1.122561657884943859e-01,-3.920221965821778509e-01
6.689420306270473793e-01,2.824491048280979300e-01,-1.442642713847877900e+00,7.483856198465812515e-01,5.376945154166822005e-02,4.396084411686803327e-03,-1.909815906967848587e-01,8.614214772386600272e-01,9.666464149546501183e-02,-4.390454319505596725e-01
9.137384700171609087e-01,4.939895166542179750e-02,-4.484618404226881627e-01,4.243728370044689835e-01,-1.636650296921947634e-01,7.789040159511910477e-02,-1.899997037721863624e-01,-8.670840422117011281e-02,1.566853508673240469e-01,-4.757967703653716018e-01
2.374516918175392233e-01,8.830220033431074311e-02,8.003157945550881669e-02,2.137692493316683401e-02,-1.584157569731733384e-01,3.779778984860228119e-01,7.021800891669759404e-01,2.026568994429526760e-01,2.094716516226211023e-01,-2.461963542153844942e-01
-4.258184842300222206e-01,5.853985555757504899e-01,-7.425725913627434505e-02,6.429709025355677399e-02,-9.890280158321738957e-02,1.415143844882008235e-02,3.040132927676769126e-01,-1.133704138060518812e-01,1.960830715492299925e-01,-6.268889006338095038e-02
-1.421423212611312367e-02,8.441090283724531629e-01,1.690450512524555582e-01,6.758000196688949135e-01,-2.126056759908179772e-01,2.818837904582899290e-01,5.697930435074997080e-01,-2.586999628329093512e-02,9.708502628894837179e-04,-2.517978167434448689e-01
4.746703088454823360e-01,1.675639760181375434e-02,1.677623608633609376e-01,6.055688088142154868e-01,-2.566926844820313081e-01,1.650935139785933981e-01,-6.681173589790204148e-02,-2.140761694477850419e-01,3.143109700633346937e-01,2.863031311298969150e-01
7.454321551160750792e-01,-2.300332734951032188e-01,-3.534451964130955193e-01,4.541303068635659801e-01,-2.560344000780484519e-01,1.865753369861868072e-01,2.662602486976892169e-01,5.640420546659145051e-01,-4.596496452473242678e-01,3.689118381854501055e-02
5.297216454158461263e-02,5.280590612528403005e-01,-2.574787344682475942e-01,5.401731779434743030e-01,-1.680942753548778645e-01,6.128977357205310783e-01,4.523186886629111947e-01,1.662208390901705191e-01,3.135540898097399221e-01,-2.952331852505893917e-01
-5.557792833851379344e-01,-2.928020425687593020e-01,5.063332882019226933e-01,4.645954614360353063e-01,-1.929721934737367306e-01,4.431470997277899837e-01,4.305857342404728061e-01,5.513196836985144456e-02,6.922824869007032644e-02,-4.272468526189122651e-01
5.503522419344284433e-01,9.332922229648854540e-02,1.442575899406671192e-01,1.499092809631482892e-01,-7.830410764106085497e-02,3.679170701415915845e-01,2.180066183602211438e-01,-2.600455193843781987e-01,3.231064853251064961e-01,-4.960818806739214493e-01
2.513806265230368944e-02,-9.812180927978435552e-01,2.248651370115508849e-02,2.915499663452004175e-01,-1.853487873036988587e-01,6.557598438695676490e-01,-1.349524518408762308e-01,-2.038142758365024954e-01,-4.380994412958907902e-01,-1.747837216868552423e-01
5.950133985703409678e-02,-4.933445976602797156e-01,5.770303821853750570e-01,8.709491507298661173e-02,-1.916708344186849114e-02,1.550399167223189545e-01,-3.276457733630740443e-01,2.931346302310879892e-01,-1.758230515531182259e-01,-4.422623051575923503e-01
9.395249715422207548e-02,-9.097893559524224960e-01,3.116823196525526085e-01,-4.301715484217263907e-01,-6.917763383602780133e-03,6.314335405828630510e-02,1.169088978226842102e-01,1.282106907156990994e-01,-1.485495612578758839e-01,-3.603086808099865701e-01
7.113325878093883503e-01,-3.701327764099722195e-01,2.773716494163355750e-01,-1.385115133574919277e-01,-2.906306223430507596e-01,-2.813009510317517892e-01,2.411759609862802189e-01,-1.537253339357536330e-01,-1.564344350605669232e-01,1.019839014996001686e-01
1.156229051587217338e+00,3.459106687528714641e-01,-7.245260494822418629e-01,-7.745830522736685264e-01,-1.210285024189578090e-01,2.224865840365261929e-02,5.147403125235918697e-01,1.220305687588153054e+00,6.972229534205772739e-01,-6.805204527973059969e-01
2.432885260481144618e-01,7.724533135517223092e-01,-9.056935670177560516e-01,-4.327320232660198385e-01,-2.071361205294421359e-01,-3.118066599666827893e-02,2.330824424661681327e-01,1.127434164515411563e+00,3.878928455903641326e-01,-9.362730426041099632e-03
9.188260165778467936e-01,-1.108327614130400485e-01,-9.708987595390765613e-01,1.450946851517729841e-01,6.887627457098265127e-02,-1.169895300209171790e-01,-6.651608859992262646e-02,4.657688269298939643e-01,3.564503798350664998e-01,-5.485249056481779073e-01
3.378937998036648516e-01,1.857324414095575527e-01,-8.227343995438201052e-01,-2.141307267438675999e-01,7.236035213516846254e-02,-4.935917127676636013e-02,2.771644425583977278e-01,4.096843924221407196e-01,3.334757100166789168e-01,-3.001856498607447521e-01
4.992888078919271444e-01,7.546191442675764804e-02,6.476067789481942949e-02,3.769392331847149502e-01,3.782947731781979156e-02,-2.746319382187932187e-02,-4.835611423280233856e-02,4.065510364545041888e-01,1.227746068682394470e-01,-2.505279288781021019e-01
4.227416183956939633e-01,9.520755094027281151e-01,1.946638702780864594e-01,6.943650267363257189e-01,-2.216423120766928823e-01,3.173201487529514475e-01,4.237811708642565400e-01,3.315885105468117100e-01,1.191687559429774057e-01,-3.452982673070594810e-01
2.854069572943123134e-01,7.221756652212819594e-01,-2.771433757791901681e-02,7.358224081060844683e-03,7.424880960693146584e-03,1.753778007720837862e-01,7.082283311173352969e-01,-4.424295702327717406e-01,-8.185891033808388728e-02,-3.823559210963921595e-01
9.481526134303012165e-01,-2.916537658864873025e-02,-2.864110655542457251e-01,-6.783312897964377530e-02,-1.251007180683384179e-01,-1.758441546492514329e-01,5.192276984166978027e-01,-7.376636602801143854e-04,4.416760258259398442e-01,-5.655557667816722978e-01
4.128838648785058130e-01,2.912768056076334711e-01,1.162629366095996597e-01,1.945793849271037212e-01,-1.018269715261568981e-01,1.350233084256644289e-01,7.831871277585972235e-01,8.398543467805927309e-03,5.014574555534273559e-01,-7.143055797109917338e-01
5.064962167018979833e-02,9.081805475002912020e-01,-1.965947939202480343e-01,4.557695708425335002e-01,2.078864744498990988e-02,3.509946553780100009e-01,4.331320391261690994e-01,3.586611059294373405e-01,4.945584943017448942e-02,-1.993344887107789953e-01
5.571848893645139217e-02,8.250401873915297335e-01,2.346492443815628159e-01,2.305266935513762272e-01,2.118935156897324909e-02,7.672626497696828363e-01,-1.412362671175007856e-01,-1.257380130896171566e-01,3.301927548990862271e-01,-3.806706787100730960e-01
4.587997754419473329e-01,-9.513474632564936084e-02,-1.664794565046394115e-01,4.610643630521112958e-03,-5.739975980400246341e-02,4.714152569599634468e-01,4.298760156070642879e-01,4.644696101415652922e-01,-2.317413560590666499e-01,1.946072083907182670e-02
6.816919539469670601e-03,2.108132309866608822e-01,-3.805060011910878504e-01,-1.868216146274273293e-01,-2.397363538124305457e-02,5.976855117018121666e-01,-4.225210720658301167e-02,-8.800233943810371884e-02,-1.059872952963466924e-01,1.233879934693794533e-01
-1.119466705736797407e-01,-1.488984824394254391e-01,-4.041926393859634481e-01,-1.651713313959163668e-02,-6.330040332504315026e-02,3.731093241390547322e-01,1.649652910852288101e-01,4.357907698879333325e-02,-2.076117590085234665e-01,1.631124403208585316e-01
-6.575701073560563659e-02,-3.142652402643411058e-01,1.390558336772588222e-01,-1.148013131647203089e+00,-1.412727500766357558e-01,-5.445536371397089598e-02,4.138017007763567512e-01,-2.649804025468118773e-01,-1.094938984456420572e-01,5.215800308329225643e-02
1.074831937536384618e+00,-9.462398646190667284e-02,3.500047374365781727e-01,-6.130779172738231031e-01,-3.159824306517611814e-01,1.616279831244822607e-01,1.896230624573184420e-01,9.694128590957050429e-03,2.975825157911102248e-01,5.674671194008128194e-02
8.327335452307884633e-01,1.104049864725882513e+00,-6.954216510892661240e-01,-6.202195699001374907e-01,-7.258754885687913883e-02,-8.169331841699071714e-03,-9.037076738140169263e-02,5.996553209809031282e-01,6.870175968365851427e-01,-6.631409240287035045e-01
1.637023285211319790e-01,-4.903799859204630573e-01,-4.452217357016863830e-01,-1.085467180428285605e-01,-1.001080705232964413e-01,2.994686895045228781e-01,-3.706407091958781319e-02,7.049876247553420461e-01,4.578180618003097613e-01,9.038064497279127765e-03
4.088276303213883578e-01,2.229120880178067643e-01,-2.978504287809408679e-01,-2.325526419790832633e-01,1.534383723697375634e-01,-7.442625610267024350e-02,-2.917023776257091083e-01,2.845251204544734791e-01,4.969270028846363152e-01,-1.635098563225340362e-01
2.570728980604660152e-01,9.290319905026332981e-01,-7.773252299879083171e-01,-1.728679068211257108e-01,-1.866926974109460180e-01,-3.702255910374334658e-01,-1.026303775472605373e-01,3.045276760436287922e-01,5.364032385699747385e-01,-2.884503639769591121e-01
4.594396697867252355e-01,1.204002231135552714e+00,-3.782205052949824675e-01,-6.329891331500678842e-01,-7.274046641233372634e-02,-3.189738402671259410e-01,-8.726418114401059134e-02,8.780780097790882310e-01,6.804316276354095416e-01,2.436258779391428653e-01
1.406145515493472387e-01,5.902435515855518622e-01,-4.532921471797021068e-02,-4.282722454780389376e-01,-1.173505929047628238e-01,-1.498647052685698755e-01,-2.225495756944020562e-02,7.162741975754566282e-01,8.886853572699794368e-01,3.432453218228308511e-01
2.684026358127036271e-01,1.157802178401657445e+00,6.066903906277679864e-02,3.349857745814143750e-01,1.714807001540744058e-01,3.676519265046523932e-01,-3.868854976371603749e-02,4.141664357622901194e-01,2.172647897765316305e-01,2.309509615625464640e-01
-2.647022476539945268e-01,4.682897381854220775e-01,3.263302133606163502e-01,1.420579302725597792e-01,-2.205061515571775654e-01,2.624093688727845430e-01,4.814683982097331394e-01,-1.194010090454576817e-01,6.118061689121471192e-01,-2.563417334340896137e-01
-3.960721781722393864e-01,7.783732881113388791e-01,1.033886394852319146e-01,1.272207827222161525e-01,-1.479356846031104067e-01,-2.468780205512402237e-01,4.575416316136342032e-01,-6.162784843712972721e-02,5.091544550164099903e-01,-5.162708814286377790e-02
1.763730206496856023e-01,1.320842976820294279e+00,-5.649084079286378346e-01,1.145452452785294256e-01,1.022100795346225083e-02,3.760080149998448196e-01,4.550290118889370183e-01,1.728506549742073739e-01,-1.428808562427751339e-01,-6.588753959776302294e-01
3.393732857181213092e-01,1.720942307550445749e+00,-5.001023909741757895e-02,1.253039957830429929e-01,-6.668534342373331342e-03,2.050139449341195352e-01,4.343242403665596441e-01,-3.284831955182909713e-01,-3.487108828814111106e-01,-5.468372962273028159e-01
-3.544547688115642359e-01,6.081637767551960616e-01,-1.360228193656327633e-01,-1.210846251100904797e-01,3.930467923675217551e-02,4.239936412238597407e-01,4.441876549878147062e-01,6.043052363106921759e-02,-1.653515636898416491e-02,-3.559004874230856652e-01
-4.402078150704832327e-01,1.673061952636120564e+00,8.885992862194916353e-02,8.707515816795889929e-01,-7.680983375366230714e-02,5.591440110672919461e-01,8.809000242167755457e-02,-4.201224394733066997e-02,9.220030328551923060e-02,-9.474588063516865832e-02
-3.626417860112507441e-01,1.390156071895064072e+00,1.059036224209674859e-01,2.524523481128887470e-01,-1.908088235648636166e-01,2.305931243394606922e-01,5.747869261816233033e-01,-1.364486909058426345e-01,3.071391952549019089e-01,1.559855125576051771e-01
2.287755266762128703e-01,-4.184402827381086820e-02,2.382989375244454200e-01,-3.532976837700415040e-01,-2.058513334766600145e-01,1.476919567010451795e-01,3.651329766369453000e-02,1.135247150445908154e-01,-3.259756933893408898e-02,1.900318090918297065e-01
6.048602735738407565e-01,8.825810514316946298e-01,3.185956507150342065e-01,-1.066027868494569403e-01,-2.171262733412043788e-01,6.760036531294288942e-01,-4.724933894729888562e-01,1.359861264041861140e-01,2.210324464201776033e-03,2.798458032203382517e-01
1.019039118418612055e+00,8.241891980406302887e-01,-3.648641682379278328e-01,-1.079630280641284523e+00,-7.100059662817037598e-02,2.017601219733953719e-02,4.846248825481381250e-01,4.275699594174839913e-01,3.504612896478825346e-01,-4.830620987391041066e-01
3.356771718339541799e-01,7.459138998517106378e-01,3.018610314013143170e-01,-8.013413106905193928e-01,-1.218784463305330329e-01,-3.786555011158664330e-01,-2.511263893949450821e-01,2.175062183397290516e-01,1.844113039983777957e-01,4.433392617316862516e-01
2.235061601578758883e-01,4.720011743753772526e-01,5.195733840553399263e-01,-9.593902671920740977e-01,4.344244960863842195e-03,-1.926744798356134769e-01,-1.819738945401511987e-01,-4.103155066748244151e-01,3.263410102576230210e-01,3.011139599522518195e-01
2.463497499050914530e-01,5.659097771216526906e-01,2.535204431056394259e-01,-7.262994040528800710e-01,2.363266196826362825e-02,-4.367699212751159354e-01,-2.483626688551044681e-01,9.837585782977513460e-02,-2.262602774819661433e-01,1.354914687881885946e-02
9.028422080043490006e-01,-3.286952161684860152e-01,1.208941700012238774e-01,-5.558890993028154925e-01,-1.333221562009206385e-01,-5.552976472892917625e-01,-7.062984352077882333e-01,-2.737075077031265666e-02,3.194886216805234436e-01,2.721856249518799231e-01
3.314383898926060931e-03,-5.319512062153652909e-01,-3.202031610760119329e-01,-2.528650550512471784e-01,1.710542974409740014e-01,-2.138213469750401552e-01,-3.907840374311520315e-01,1.209179937368910634e-01,3.500716241590445255e-01,1.124715931266058316e-01
1.709625363799893369e-02,6.499899727987564768e-01,-6.398484435381222024e-01,-3.040576357067056867e-01,-3.676802139130538188e-02,1.336566651262881267e-01,-3.678509743075364935e-01,2.336108407436542911e-01,2.596225413930973724e-01,-1.589636823619257344e-01
2.421913573556470634e-01,-2.157043323786609901e-01,-5.795862076737892110e-01,-1.007298736580350740e+00,7.119319527721855445e-02,-1.565462305495235185e-01,-7.152657115328590054e-01,1.399252306286671577e-01,8.832790265396003315e-01,-2.517271809259948867e-01
6.725136247091385577e-01,-9.360962864841225750e-01,5.326845106440578625e-01,-7.047954040735365799e-01,-1.239472033675469848e-01,-6.858544072643052436e-01,-7.126617671770235640e-01,2.763108873009777477e-01,3.415001705057219561e-01,3.604117713379077770e-02
7.991234506267330673e-01,3.452079578783539549e-01,-3.807646301924224042e-01,-6.723168940241430747e-01,-7.492654014222203951e-02,1.377162403550911615e-02,4.237026811740737808e-02,2.794524481240136526e-01,-5.263500445392943180e-04,-5.584966559915664763e-02
1.340476747030376892e-01,1.342279928340553985e+00,-4.704255785232344667e-01,-3.883554538359727526e-01,1.867826021851226037e-01,-4.436429341459923181e-01,-2.899604357037904312e-01,-5.563841949946978227e-01,-3.300231100341682322e-01,5.993608147728352042e-01
2.946742169473921535e-01,1.188926602765895346e+00,-1.778769071109496114e-01,-9.860789683359509616e-02,1.481875907607027587e-01,1.241211854183482954e-01,7.462528472855841644e-01,-6.656310708062432857e-01,-4.024709426798663697e-02,-1.876267519182404087e-01
-2.897011066457602299e-02,1.312338629030121995e+00,4.354762162032397438e-02,-5.386357551842209379e-02,-1.644924734169914138e-01,2.403224652744916923e-01,4.296945206154873520e-01,-1.915294323308193436e-01,8.811088692454703553e-02,-4.108651228424562429e-01
4.035105322644113590e-01,1.107942467054858993e+00,-4.333416703911877055e-01,-5.350329151318076182e-01,2.387568270162032658e-02,2.021280907480945965e-01,3.530261911967367827e-01,-1.345422426223333578e-01,-1.878800357583730318e-01,-2.340310304695848165e-01
1.515728714553956358e-01,7.127613157987663373e-01,-4.622733406362738440e-01,-1.422367584229325688e-01,-2.400008034218296116e-01,3.540142883667966034e-01,1.672806055777858666e-02,-2.064293345327242526e-02,-1.324338093942371147e-02,-3.028028470766833680e-01
2.839515178179398136e-01,1.228117811418393268e+00,8.987856472268471175e-02,-9.752020490290976007e-02,-2.618935696647016753e-01,4.036320499017420627e-01,1.791062683286335500e-01,8.829344766226777941e-02,-5.753298479480033201e-02,2.373107378631381659e-01
5.756038697436521856e-02,1.061611150555285266e-01,4.796493919710900777e-01,-6.641841618384682899e-01,-1.745320057300152605e-01,7.726530298198207303e-02,8.162158347545839243e-02,-5.482554110047482832e-01,5.801941282446351766e-02,1.598722314210805073e-01
8.164078634160785164e-01,1.852032329177866754e-01,-1.669385520459944483e-01,-6.546899896871176683e-01,-2.419684762324601501e-01,-4.658171675451230342e-01,1.504746261456097745e-01,-8.377993611905933113e-02,-2.588566386529452257e-01,-1.468084127278664330e-01
4.513928038898025186e-01,3.337796755420058270e-01,-2.952496419013522430e-02,-2.567646076671913774e-02,6.295088262857635730e-02,-1.811875032322440016e-01,-1.380396545234976735e-01,-1.523298249382795634e-03,-2.179399670424430058e-01,1.951576039789383044e-01
4.082385135965813650e-01,-3.196643619843388961e-01,5.275698648151692094e-01,-1.008379162916084093e+00,1.655764891155405150e-01,-3.090640334537475553e-01,-3.034822397682115924e-01,5.082829446247783683e-02,-1.013022674776738186e-02,4.353213305794594312e-01
9.286077315793153097e-01,3.064465672739016266e-01,-2.990629541998516827e-01,3.411383650199623641e-01,1.112537879420198994e-01,-5.826658910142842318e-01,-4.029140880514687217e-01,1.112212014109207198e-01,2.883542305054340726e-01,-3.853712146134523342e-02
4.126125247565780585e-01,1.030926757830922913e+00,-7.171874943685385695e-01,-1.738389719519130294e-02,9.506719242226584210e-02,-2.174113704714010498e-01,-2.808508193893370364e-01,1.167796087700207347e-01,5.002362588114024344e-01,-1.690020616431905931e-01
3.625975297944485920e-01,1.003864435564268742e+00,-4.870085498326933160e-01,-4.822867215239965977e-01,-1.379106656443024881e-01,3.724226460683089934e-01,-1.790369878389652947e-01,4.987522050012862390e-02,2.697294082869298171e-01,1.916610771476968261e-02
3.112262727932052497e-01,5.381077663850903914e-01,-1.177807040960092144e-01,-4.417000592116027691e-01,8.409012178198906062e-02,8.533908961042512009e-02,-6.511840627713673113e-01,1.690127645653327904e-01,5.239924906462088972e-01,2.641873136176121628e-01
1.008600611765710253e+00,4.855853226975163639e-01,4.823703709803114220e-02,-3.859586400472167500e-01,9.002438814107809051e-02,2.560413432619310439e-02,-2.456196577063666231e-01,4.044957961348899511e-01,2.908535798470892053e-01,1.526902887566185252e-01
9.894451790491340937e-01,5.670208293597990279e-01,-3.368826563246075101e-01,-6.999606842636069137e-02,-1.399407895109902045e-01,-1.437240150129793503e-01,-2.623595707396914611e-01,3.637464512066087563e-01,4.619364905336728611e-01,3.047567121611608476e-01
3.203646006022494719e-01,8.810360114463400283e-02,9.129080522405638720e-02,-4.120603588269011186e-01,-2.173972434046064217e-01,-3.956782569318345599e-01,-1.314031029174272669e-01,4.113677313246035805e-01,4.921579831307831276e-01,3.278957668003363440e-02
-1.489164613403684834e-01,8.679611448878336022e-01,-5.224961320523338060e-01,-7.203167561084680703e-02,-2.254789440044254190e-01,4.969827812689935342e-01,3.277423482150972345e-01,2.468550056439979823e-01,6.424489099434765871e-01,-3.598716123103566922e-01
-2.902533597007238009e-01,6.437615071274017664e-01,1.926263608647847958e-01,3.170543318780456032e-01,2.010373365116193897e-02,3.750119079107239184e-01,7.013151638109088593e-01,2.944576426131806368e-01,3.399823802045026100e-01,1.080819138293775544e-01
1.016901964722990159e-01,3.810672448867972184e-01,5.427332337381629568e-01,-4.043793966741003609e-02,-1.583953616324980662e-01,4.157107799481822852e-01,2.594455194558950573e-01,1.326557639374243702e-01,4.573925581214734470e-01,-3.421990908092378270e-01
-1.073562426127411262e-01,2.587367135661625475e-02,2.686168036464238115e-02,-1.318724851836901302e-01,-1.555154142128364336e-01,2.233248552288994160e-01,7.144224429276732069e-01,-1.549392598022813761e-01,1.625626507924125552e-01,-9.813141520391961692e-02
7.772395738772408524e-01,4.416131839855587105e-01,2.839361927133582930e-01,3.081718842497399025e-01,1.420745545241236876e-02,3.213516039130525082e-01,6.453381965297376732e-01,-1.557519533587456775e-02,4.122940368267365430e-01,1.721621988745955859e-02
