num1 = 
[0, 0, 1, 0, 0,
 0, 1, 1, 0, 0,
 0, 0, 1, 0, 0,
 0, 0, 1, 0, 0,
 0, 0, 1, 0, 0,
 0, 0, 1, 0, 0,
 0, 1, 1, 1, 0]

num2 = 
[0, 1, 1, 1, 0,
 1, 0, 0, 0, 1,
 0, 0, 0, 0, 1,
 0, 0, 0, 1, 0,
 0, 0, 1, 0, 0,
 0, 1, 0, 0, 0,
 1, 1, 1, 1, 1]

num3 = 
[0, 1, 1, 1, 0,
 1, 0, 0, 0, 1,
 0, 0, 0, 0, 1,
 0, 0, 1, 1, 0,
 0, 0, 0, 0, 1,
 1, 0, 0, 0, 1,
 0, 1, 1, 1, 0]
 
num4 = 
[0, 0, 0, 0, 1,
 0, 0, 0, 1, 1,
 0, 0, 1, 0, 1,
 0, 1, 0, 0, 1,
 1, 1, 1, 1, 1,
 0, 0, 0, 0, 1,
 0, 0, 0, 0, 1]
 
 
num5 = 
[1, 1, 1, 1, 1,
 1, 0, 0, 0, 0,
 1, 0, 0, 0, 0,
 1, 1, 1, 1, 0,
 0, 0, 0, 0, 1,
 0, 0, 0, 0, 1,
 1, 1, 1, 1, 0]
 
num6 = 
[0, 1, 1, 1, 1,
 1, 0, 0, 0, 0,
 1, 0, 0, 0, 0,
 1, 1, 1, 1, 0,
 1, 0, 0, 0, 1,
 1, 0, 0, 0, 1,
 0, 1, 1, 1, 0]
 
num7 = 
[1, 1, 1, 1, 1,
 0, 0, 0, 0, 1,
 0, 0, 0, 1, 0,
 0, 0, 0, 1, 0,
 0, 0, 1, 0, 0,
 0, 0, 1, 0, 0,
 0, 1, 0, 0, 0]
 
 
num8 = 
[0, 1, 1, 1, 0,
 1, 0, 0, 0, 1,
 1, 0, 0, 0, 1,
 0, 1, 1, 1, 0,
 1, 0, 0, 0, 1,
 1, 0, 0, 0, 1,
 0, 1, 1, 1, 0]
 
 
num9 = 
[0, 1, 1, 1, 0,
 1, 0, 0, 0, 1,
 1, 0, 0, 0, 1,
 0, 1, 1, 1, 1,
 0, 0, 0, 0, 1,
 0, 0, 0, 0, 1,
 1, 1, 1, 1, 0]

num0 = 
[0, 1, 1, 1, 0,
 1, 0, 0, 0, 1,
 1, 0, 0, 0, 1,
 1, 0, 0, 0, 1,
 1, 0, 0, 0, 1,
 1, 0, 0, 0, 1,
 0, 1, 1, 1, 0]
