-4.374584523843266237e-01,-5.859580042662545507e-01,1.673303979797962915e-01,4.440168345196783828e-01,-1.173956523376715189e-01,9.647317361045133766e-02,6.559568477124346764e-01,-2.225749912043606393e-01,1.439018632665106656e-01,-7.884813166526377648e-02
-5.785867383083405091e-01,-3.769901624739421808e-01,8.136408889988346049e-02,2.003444568758618038e-01,-1.272004366382945006e-01,1.503103658013683341e-01,5.541728792431791506e-01,-2.505371849457995181e-01,-9.702024765341070445e-02,-9.448278445033028716e-02
-1.686795214636153950e-01,-6.755433847926523017e-01,2.260708599211312675e-01,2.748601725042127963e-01,-4.584079563513186462e-01,1.445611862484373344e-01,2.113704698739708177e-01,-5.124360564330331796e-02,-1.078458788922347956e-02,-2.084816898321479872e-01
-6.411538380209176324e-01,-6.771974398794546879e-01,-1.306490368525804746e-01,3.323807614612979688e-01,-7.240127320518626730e-01,3.513449473351294428e-01,1.018841734691639411e+00,-1.846535744359761311e-01,-1.972954640551743619e-02,4.925799928307627445e-02
-3.274623653756572605e-01,-2.665011480834718616e-01,1.972675810876960145e-01,-5.007742179804466898e-02,-2.742175349211370058e-02,1.751515837221753469e-01,7.820717602033222526e-01,-2.681593676231039738e-02,2.381206421648974711e-02,-3.929996148650249932e-01
-4.718326934572797393e-01,-3.156707880665518551e-01,-6.926775672323536026e-02,8.532699905593636724e-02,-4.185440182385820607e-01,-9.068568910750264556e-02,-2.608414199131726119e-01,-1.020255344555233423e-01,-4.137816606707449274e-02,-5.612807870964018342e-01
-2.180602244899972619e-01,-2.026769535592259919e-01,-8.596823981544277071e-02,5.855033902434976512e-02,-3.032242929756637229e-01,-7.443258116476982045e-02,-3.383099029891484810e-01,-8.801011366745109532e-02,-1.449534221499670372e-01,-1.606638710048765017e-01
-3.304103697400698203e-01,-3.358910171959303415e-01,-1.279989261062677020e-01,-3.901274905104027968e-01,-5.971113152160394399e-01,1.052186737663548394e-01,-2.311322921435350619e-01,1.334757098728213132e-01,8.048040331860088770e-02,-3.196452348330836024e-01
-1.031045632814784480e-01,-5.770345773495076935e-01,-2.249083027115730549e-01,-5.841407928683939321e-02,-5.823541683039907824e-01,-9.488589726857733775e-02,-3.715761568002460824e-01,-8.296315363401701379e-03,1.867470757704443041e-01,-9.107960663705816015e-03
7.144746555222551698e-02,-5.237317920902689883e-02,8.212821899695385824e-04,8.774195325122764733e-02,2.493734230460678825e-01,-3.663571126576048442e-02,-3.998180232309501148e-01,1.953305028242667898e-02,-2.518920618619169272e-01,-3.645580632451119740e-01
-2.778974762335319482e-01,-4.426439630182251173e-01,-2.102815011271758350e-01,-2.289686734743856256e-01,-1.259753356547762271e-01,-7.699416667891538502e-02,-6.624255180810698085e-02,-9.032841115863857184e-02,-4.416960980440162027e-02,-1.998580853452534556e-01
-4.952221298548717954e-01,-2.157855376041369899e-01,7.674946906668632385e-02,-5.294230622391592478e-01,-3.809770091952602855e-01,1.181639101505432485e-02,1.267093562954053898e-01,-2.830403446590921794e-03,-1.275200959250336330e-01,-3.867629987775293987e-01
2.028256206760587765e-01,-1.106311821880967688e-01,3.268245982740577982e-02,-4.214276432683005669e-01,2.024984940090328589e-01,-2.099779004016248674e-01,1.633216866125503930e-01,-4.155053711329193683e-02,1.057820413312537781e-02,-4.650898515434803010e-02
1.041135377050276395e-02,-8.799459958492632239e-02,-6.724400680370735961e-02,-1.876568990558610539e-01,6.471878090513404347e-01,1.830464065022330972e-02,5.693731646166679816e-01,1.472705419318004472e-01,6.333365443410678142e-02,9.952223534618412359e-02
2.137146652722823614e-01,2.917055416460838033e-02,1.018858714222531520e-01,-4.339169145062781174e-01,3.733134026677918382e-01,8.232924312868096506e-02,9.072659916527302248e-02,6.534686687237512004e-02,2.242912991619507856e-01,-1.162231695641380014e-01
6.653932313189765413e-01,1.045975372798810671e-01,1.520569301901334158e-01,-1.608397165800264095e-01,6.694169291583286219e-01,-3.376662915517809893e-02,1.309061519359519865e+00,-2.122537855668384377e-01,-1.972880646032511009e-01,-1.347820923095811863e-01
-6.669462453792847079e-01,-2.189236170700301631e-01,-1.506118516038371406e-03,-3.060169888261052296e-01,-2.428777236330060263e-01,5.842354372438753052e-02,6.740337250824190996e-01,9.778507350030819084e-03,-1.687516521253760726e-01,-5.452722409454852787e-02
-3.066451179741709887e-01,-3.541121812721227946e-01,5.280578249133389274e-02,-2.000918006664451909e-01,-4.491854194701824787e-01,2.039626373979973317e-01,2.183370987774702898e-01,-2.398977059835897055e-02,-1.052842366834905868e-01,-1.308984153667111516e-01
2.238162589288724413e-01,-4.385861195709356841e-01,1.451755581422656260e-01,-1.513640827780061981e-01,1.897253031753327046e-01,1.850361615371058990e-02,3.414688290062926623e-01,-1.625536974712819271e-01,-2.900545167590081741e-01,3.580625546004622545e-02
-2.034760876988076228e-01,-1.849555449113707284e-01,8.558498476725094617e-03,-8.611408524370466402e-03,2.979630480199770837e-01,9.976946415147976144e-02,7.730416270372109100e-01,1.358210516881317442e-01,-1.172954460586938114e-01,7.016236238294257244e-02
-5.116274737109430815e-01,-1.855469144059018194e-01,2.455626872178694881e-02,-1.436441293440453848e-01,1.611464636922757820e-01,2.006235088282077791e-02,5.390185540538545705e-01,-6.339587222245167408e-04,-3.472666279003172596e-01,-2.515249174898611662e-01
-8.909369612543070749e-02,-3.057547546402686334e-01,-3.455447511298501313e-03,-9.827883469640688596e-02,3.486618846385781956e-02,1.258819682007630836e-01,-1.927342577585568206e-01,-2.926370967137912130e-02,-1.483923403392784120e-02,-4.342254840640675795e-01
-4.376564965459930900e-02,-4.886178176989557920e-01,1.655035807932594694e-01,-2.064015433957813450e-01,-1.282958382380043338e-01,-1.566423159583462954e-01,3.749482385279394037e-01,-1.542169808677709697e-01,-8.144145147784372096e-02,-1.281655555375210975e-01
3.443286473747084186e-01,-4.310950285863598963e-01,1.150051688180544623e-01,-8.079595145177773108e-02,-3.304781972346805541e-02,-6.537865313144695933e-02,1.563183479308071500e-01,1.450595428063122527e-01,-1.142469695651424227e-01,-2.135465965429048651e-01
-1.038634310714103143e-01,-2.269874056767213211e-01,-4.171912735518796753e-03,-6.809758911711652485e-02,-2.043516725597529504e-01,2.223200364635521606e-02,1.600738139229635759e-01,1.273574734556402466e-01,-2.650127409089725675e-02,1.145713155946750383e-01
-9.964503352064028874e-02,-5.374176643360137895e-01,-1.077188261261736585e-01,-4.677018617906250619e-01,-2.388084778964794652e-01,9.256507176107296730e-02,-1.448183051441754576e-01,-1.565047879654478738e-02,8.990163182948575360e-02,-1.486750026229870791e-01
5.377301444940318920e-02,-3.027835662520693139e-01,1.509572208592443177e-01,-4.630241824894742453e-01,2.370515588464564283e-01,1.228559995914145497e-01,-1.500519767484397374e-02,8.773620371689902497e-02,-1.040133934534564347e-01,1.459086290600599420e-03
-1.573416017033262282e-01,-5.314771179410714419e-01,-1.757492792458755643e-02,-4.979292552264484861e-01,-2.764614759050312287e-01,-3.534090098205316943e-02,4.291229624161537193e-01,-1.516522081357427609e-01,-2.139120503995317613e-01,-7.963326013454600019e-03
-2.016838764736027800e-01,1.887012714681211012e-01,2.066411419407170047e-01,-2.750724411401320180e-01,1.449132326070138865e-01,1.497425087172772618e-01,6.029887686044275164e-01,-2.145951069783169282e-02,1.076497949935337067e-01,-1.480528535678171109e-01
5.064229732481118074e-02,-5.240525455127090781e-01,-1.209485326866050897e-01,7.883089664301966282e-02,1.909273072729537613e-01,9.414902550664575737e-03,3.249863510346507334e-01,1.258501994561104786e-01,2.742689003447039073e-02,-2.356443403960300498e-01
-1.075419026571925035e-01,1.868553288580050986e-01,4.209507656515737960e-03,-3.526723993209595481e-02,-5.802269621377337261e-01,-1.512297323458447473e-02,-8.339463792641758910e-02,-1.177993145400195729e-01,-1.958126126519384447e-01,-6.962684076795186416e-02
-1.661670074951274445e-01,4.212254881053954791e-02,8.109091678050916324e-03,-7.510696418116596940e-02,-5.708631612297763169e-01,-4.683299134883533998e-02,2.327726007102740025e-02,1.924271312795981445e-02,1.126963443753026678e-01,2.252682410815559297e-02
-4.578775335245185985e-01,-2.259179099690636905e-01,2.149551911920650482e-01,5.147244994204946966e-01,-4.324319509577391474e-02,-1.300364291227397787e-02,-1.299880114513739249e-01,-1.458824627168008869e-01,-3.486822675305000230e-01,-3.199700996731981162e-01
1.956982140063827924e-01,-1.316296939285726553e-01,1.913094373194202114e-01,6.920631639712251926e-02,-2.374243416876936630e-01,4.995740506049420326e-02,-8.292937052942130904e-01,6.380632892601331707e-02,-8.090744947598448034e-02,-1.890878301605256606e-01
5.841805159959397031e-02,-1.584250229675931987e-01,-5.813141047455563926e-02,3.579996682350522486e-02,1.146875933069143316e-01,-2.582467611022778997e-01,-3.128219370395612375e-01,-1.116552094511311932e-01,-3.070612163693137164e-01,7.913096695367299871e-02
2.085424417080767312e-01,7.794100624706722102e-02,1.929434724046535099e-01,-5.270144032276823098e-02,-1.541132708518929140e-01,1.719443464550289482e-03,-1.159146000357239720e-01,-1.255586086052320471e-01,-4.938427551510293778e-02,2.283098057879362208e-01
-5.240223156122255643e-01,-1.239153718719075148e-01,2.102049964762465473e-01,-1.175712868853739518e-01,-7.259314333024543542e-01,1.257220192645376322e-01,1.200888960828083545e-02,-1.164064647428977584e-01,-2.224181812591701224e-01,-2.125046640091362016e-01
-1.791507398238942061e-01,-2.470216981751327534e-01,5.002081751277065447e-02,3.897552234638839708e-01,8.439318050301562735e-03,5.603129445923053786e-02,2.305873954254253622e-01,-1.854253827046996594e-01,-1.309605421248347112e-01,1.253237443614273472e-01
1.226684994322653349e-01,-3.849037423965260829e-01,9.192898760846909476e-03,3.086103024120299687e-01,-7.649062064853909271e-02,-1.897678950948966381e-01,1.667010715926140613e-02,4.041062283772218350e-02,-2.748062624566635082e-01,-2.738613039207684133e-02
-4.220221806331174164e-01,-1.481591252275226145e-01,-1.924679295981011895e-02,4.022553530892694629e-01,-1.214571164749942145e-01,4.670885250435649616e-02,-1.805375868275604229e-02,-1.149052289896460369e-02,7.374591712201454541e-02,-1.455234720023171890e-01
4.961155886555004835e-02,1.239303453835553792e-01,6.337079502794347452e-02,2.432379533775731739e-01,-2.107930628864450040e-01,-1.004239183184183898e-01,-3.759635321029903277e-01,-1.729493574136180545e-01,-1.239186871983191940e-01,2.008469245878570855e-02
1.766585693869738571e-01,-3.342677506624222583e-01,4.546276163037831636e-02,-1.301423884578174761e-01,-1.648888418655155008e-01,1.414119975035691423e-01,9.375323915704771027e-02,-1.875907313497178833e-02,-1.368116209078255596e-01,-3.939955584231067398e-01
-1.768375319423073910e-01,4.660486546010457476e-02,5.938453610265486543e-02,-4.428354221816306890e-01,-4.332906738495054255e-01,-3.377487140494235800e-03,3.213815835358692641e-01,8.632655618479040394e-02,3.091949656718959855e-02,-1.406252041746530179e-01
-3.208806829258020188e-01,1.870100326296876905e-02,-6.048096185809184733e-02,1.318661262501374665e-01,-2.806420624449479928e-01,2.612819482316449671e-01,1.360950068792254608e-01,-1.276945750715359207e-01,8.683132128079733281e-02,2.368175733445498365e-01
1.193741109061014632e-01,3.934269268963661026e-02,1.823174963083764311e-01,4.840158305372871395e-01,-8.721473078600959494e-02,-8.770385047013480595e-02,-6.823531960313820033e-01,8.053028127859829244e-02,1.599225696780476880e-01,-1.205338250728267210e-02
3.353055378080920922e-03,-1.856189911366836753e-01,-2.335250303591073495e-01,7.162849107671365179e-02,-7.796834509448538619e-02,8.554829702500225952e-02,1.264994378095617156e-01,9.630888997509344518e-02,-3.586906322181787621e-01,-1.971425421585898397e-01
5.153604791027019960e-01,-4.247159921088197732e-01,1.198087414636893333e-01,-1.087951985784096631e-01,-5.895266791029571962e-01,-2.559041308530811323e-03,-5.393117326600515016e-01,9.714989843055130136e-02,-1.603277841071649168e-01,-1.006435612895616449e-01
-6.682479037968389601e-01,3.698670138633594617e-02,1.606887941437814271e-01,-4.194079161200997552e-01,-6.037607083200589031e-01,1.442553197189041791e-01,-5.800503563506557159e-01,-2.371582688466130628e-01,-3.546242792735231075e-02,-3.408813471174072518e-01
1.985488584974852144e-01,3.836536368181041046e-01,2.855486195930449084e-02,-1.417165538858188023e-01,3.023113949963064373e-01,1.518398240607735372e-01,-4.745526389629294850e-01,-2.186046487344275313e-01,2.407863970880455909e-02,5.364572581026458981e-02
1.100174029291346861e-01,-7.592419092792862360e-03,1.030849518662314140e-01,-4.802628545080637745e-01,1.639448357849462301e-01,2.038561046234986171e-02,-4.492858488992508836e-01,-4.121870827571811474e-02,6.174653716193842512e-02,1.291289173111587751e-01
2.619466529743476046e-01,2.589910240022703092e-01,-1.801185180819200038e-01,-2.776777189721986172e-01,-1.507861314345535775e-01,-3.459612898318266405e-02,-4.412440086151588337e-01,-1.369605270462523339e-01,-3.544728936518794227e-02,-1.146576909626307976e-02
5.791565347927117580e-02,-1.579352603574286640e-01,-9.361427628566985903e-02,-2.061098326044789319e-01,-2.835978327885869121e-01,-1.132284282971676298e-01,-2.386797849504519731e-01,-1.140821638612404265e-01,-1.024980260832478035e-01,-2.878927801281602195e-01
-2.463091619639418139e-01,8.644959233869382864e-02,-2.988243589352965884e-02,-5.456772512129125507e-01,-7.155645901276468102e-02,-3.798456557020579716e-02,-2.457826411398974231e-01,8.246615012307426107e-02,-2.399245729537988758e-01,-1.269166899633702994e-02
3.476543168260448017e-03,-9.925227874878335410e-02,1.785824950407928491e-01,2.387965878109194195e-01,1.088521503403192120e-01,2.986719942522627139e-02,-4.335131909927666949e-01,3.244375851935969030e-02,-2.721805161069584811e-01,3.835237108110784998e-01
3.403711601602791847e-01,-4.816255674765194672e-01,7.508167638225318741e-02,2.338227904494657172e-01,2.281174557881024967e-01,4.456488939078526168e-02,-3.743065402788357532e-01,-8.183357697158988309e-02,-3.626671347828042125e-01,1.388275142317235977e-01
-6.479763787776153805e-01,2.500382529770110440e-01,1.149017264522528975e-01,2.452561345259003101e-01,-4.143192164457135118e-01,-1.109429356243770287e-01,-5.615171539172634230e-01,3.092946153049205490e-02,-2.164977518384602062e-01,-1.076820404353833749e-01
-4.351917583284033442e-01,1.833088177341713476e-01,1.358532727102708393e-01,3.944057938224669324e-01,-6.216943862375486907e-01,1.131786375972394093e-01,-1.382274310821204714e-02,6.374552808754525846e-02,-1.025932088856579688e-01,6.677937714046500162e-02
-2.687765608345862312e-01,-2.030103942498708292e-01,-5.296500253239051076e-02,7.524831538273086817e-01,-1.145420248521855228e-01,-7.130250775493922333e-02,-2.707985972633725757e-01,-2.189861021289519760e-01,1.361902022354224695e-01,2.143115318537153480e-01
1.423594038723771937e-01,-2.437139700344677640e-01,9.240702784661884717e-02,-3.046404632682750413e-02,-4.207442984892661442e-01,3.145256635161826266e-03,-2.285976967221365064e-01,-2.199129379455050382e-01,-6.180091300434343432e-02,3.002972036785972118e-02
-2.450271286174564578e-01,1.683256405783215004e-01,-7.960162774586933276e-02,5.457546633565529826e-01,-2.488028510681655481e-01,2.403363545719646999e-01,5.147399777317868477e-03,-2.164081960991195430e-01,2.071965887851201504e-01,8.809239089683021384e-02
-6.918648104431517065e-02,5.858376050234928578e-02,-1.010544774669269452e-01,4.820019087891492249e-01,-1.630939858044368196e-01,3.289623390555963534e-01,-5.881933757074874619e-02,5.656801593531875921e-02,-2.327166755106896967e-01,8.918627798088701875e-02
2.814483079339260008e-01,1.277204377703968774e-01,-1.541443535313595514e-01,-9.847529721267467284e-02,-7.235887519167255588e-02,2.420506265756681985e-01,-3.306046543904735818e-02,1.139059081704164034e-01,-3.441284430468431743e-02,6.628511933192945960e-02
-1.252369059547245034e-01,-4.368553462760910722e-01,-2.441488293092247686e-02,4.713918731839024656e-01,-7.432642712985324529e-01,1.065792746188720802e-01,-5.489664193517650448e-01,1.486988358722625136e-01,1.165511773956288549e-01,5.178910617964786051e-02
-2.962495278159548578e-02,-7.461894944784587258e-01,6.609724560495001955e-02,6.161355397028719233e-02,-4.496305966663474152e-01,3.155652136254954998e-01,-3.302136616210711861e-01,-1.203019763889168203e-01,-1.366375225489729894e-01,1.656717674915326455e-01
2.582741102872722627e-01,-1.067052549520266375e-01,-5.582336849646268168e-02,-2.638236194017819503e-01,-2.855073729134895502e-02,-8.524926205813086744e-02,-3.257466542434419021e-01,-1.839499741895688212e-01,1.102694412094123305e-01,1.653695901911801935e-01
8.079768237160738220e-01,-2.541273986291258669e-01,-1.045560862857660284e-01,-5.344627344586752038e-01,4.301621591934948197e-01,8.030667645081350503e-02,-3.861498749356140903e-01,8.796170739658726312e-02,3.489832172220166395e-01,1.504611037338023094e-01
5.882394119586180636e-01,1.238988527767193211e-02,8.741565906574419453e-02,-3.288265405040839418e-01,4.854292793264002870e-01,-2.835640327227118701e-02,-3.246571920586397986e-01,-1.156817325455711531e-01,-2.087940800943431374e-01,2.269721945362958015e-01
2.401274612571471234e-01,1.560626425587351984e-01,2.578665228865689718e-01,-3.340982488508557890e-02,1.883444733364494361e-01,-3.575275932640996357e-02,1.045845868739284784e-01,-8.496491673363928965e-03,-2.878856637677668084e-01,-1.826619494712011238e-01
5.769516734016810755e-01,3.023781376067796178e-01,-5.018196092861055418e-02,2.895045358625270362e-02,2.521660295079448111e-01,-2.857221558670447210e-03,-9.669549858250904573e-02,-1.364261154114777830e-01,2.587637043201368101e-02,7.850051221623256803e-02
-2.242459687373438149e-02,1.861478459305998187e-02,-3.265889098426784376e-02,4.027152768480350004e-02,2.371404412535872974e-01,-1.059282625184905929e-01,-1.146617166196813448e-01,-1.689916067067991912e-01,-2.449535116163425175e-01,1.656304367920284626e-01
3.986440611507147680e-01,6.000079031067480362e-02,2.428898581915102939e-01,2.295617071477771554e-01,-6.099281308391395207e-02,3.187921277985150681e-02,-5.173251377575425192e-01,-6.544533974714082658e-02,6.882734944166953028e-02,1.821161810398256864e-01
7.137042343115605758e-02,5.621416543359208928e-01,1.975175263410718640e-01,8.038829561880699026e-02,-5.414864082249607469e-01,1.819171401375686281e-01,-1.067365907295657751e-01,-1.608025597216488634e-01,1.896183653888176097e-03,3.492868859194325076e-02
-2.156536809273343069e-01,6.707797573981374439e-01,5.748991840101081580e-02,2.604324058277555087e-01,-6.376688890238987328e-01,-4.743471538424072487e-02,1.596739053842840816e-01,-1.449964694267256715e-01,-3.370499256282786238e-01,2.812231981985531259e-01
1.888111319062822646e-02,-9.653148291144032778e-02,2.069233042723306049e-01,3.734594810710913371e-01,-7.736289477657070091e-01,1.391300647555237802e-01,2.948836107522104233e-01,7.778223755265414874e-02,-5.480288915239388270e-02,-3.335015063608317426e-02
3.341117393337014740e-01,-3.304926538328592511e-01,-8.155464503108436625e-02,2.535284480798063456e-01,-3.734449302484356692e-01,-1.117156461020936825e-01,-9.728773647682886772e-01,1.024349271682583329e-01,-3.726486168029059798e-02,-8.244297695036666498e-03
-1.769475863858289699e-01,-7.962524487356402447e-02,-7.318967338608925455e-02,7.721710002894080493e-02,-3.435223989513372933e-01,7.443164233743128355e-02,-2.343140921233918539e-01,-2.382005014630215675e-02,1.612187012802048791e-01,-2.619223355045996460e-01
-4.357864118992334224e-02,3.079821524394560917e-01,2.209251111017473679e-01,5.260517795984311906e-01,-6.350496098347975238e-01,-6.770567048024760115e-02,-8.095370905926431437e-02,-9.957562308204490065e-02,-2.165203382705863655e-01,-3.411389755429070636e-01
1.727270258599276354e-01,3.799737842222182249e-01,2.215904947168075567e-01,5.040020433883932172e-02,-5.046533670014757833e-01,1.917631248667045832e-02,-3.813189693361814236e-01,-8.280008438168534601e-02,-1.659536411339413431e-01,3.711163957754520792e-01
4.035053911534383642e-01,-1.275131229942494948e-01,-3.970860867185257298e-02,1.012326088056052092e-01,-6.495658194362959881e-01,-1.306380485251857626e-01,-8.371189399734753067e-01,-2.472569000880431647e-02,5.772227463691758514e-02,-2.097524202931788928e-01
3.582456604233869579e-01,-3.760053889551689399e-01,1.790367194190927991e-01,-3.372202721245485812e-01,-3.115858626330951231e-01,1.727803254738491112e-01,-9.841077954192605226e-01,-2.082047198893687279e-01,-1.609592972781374032e-01,7.044145197779326517e-02
2.758352611865749204e-01,-2.060339151809515434e-01,2.017633006903713777e-01,-3.013562835075072055e-01,5.466967106944952554e-02,1.674010953739918095e-01,-4.450590681087892020e-01,-2.026432069573347872e-01,1.229882676286970233e-01,3.028220391917650911e-01
3.734443193294209595e-01,-3.764222243990707206e-02,1.232433671257275182e-01,-2.946297468538392472e-01,8.873548932934228334e-03,3.942167693783774074e-02,-4.326917999631426093e-01,-2.188300305121890776e-01,1.721081499060719833e-01,6.962798635884906440e-02
9.002826493651873430e-02,3.769122446700773899e-01,-1.237674188965429481e-02,-5.416157186364067844e-02,-5.090336087407004717e-01,-2.464987314897131021e-01,-5.335009819713478763e-01,3.049792541113926711e-02,2.375799073312737097e-01,-2.906803570384050017e-01
6.286943064820988969e-01,2.115627821382441986e-01,-1.084553843816976199e-01,-5.499659149018163440e-01,6.548157260070486263e-02,-1.197169247286529042e-01,1.161655997248667166e-01,1.035438977177289277e-01,9.736542033681890029e-02,2.680060282630015722e-01
4.763894851160647703e-01,4.111574506970533394e-02,1.575714435489985743e-01,3.516986957255303081e-01,-3.730483802213895722e-02,1.960560067467434220e-01,3.845545061334157411e-01,-1.942563106376345439e-01,3.072620517709501176e-02,-1.709291112745672803e-01
3.376923655234858601e-01,-2.209213800322648580e-01,-1.047725247029363399e-01,3.149404669861921024e-01,-2.847762139697528339e-01,-1.196922651095814749e-01,3.516964013336886657e-02,-2.098879642079909957e-01,-2.538309219060461697e-01,1.561252509258425486e-02
-8.908490766771259145e-03,-2.110279681242939812e-02,9.511832017516928806e-02,-3.473486161205933676e-01,-6.217493098750207503e-01,4.744096258356521323e-02,-1.422969443502485609e-01,-1.353948111816831723e-01,-1.015270340497275853e-01,-3.527973828439682213e-01
-1.747755787012457707e-01,-7.301949090630970030e-02,1.440148171727778518e-03,-3.918782481196039780e-01,-2.518741314505561490e-01,-8.811763387054309671e-02,-2.129896991221057745e-01,1.287537256824067278e-01,1.446117044723108092e-01,-1.104458280719854413e-01
4.660699185380021148e-02,1.559208675423089385e-01,-1.215250494502738005e-01,-1.170816890176278324e-01,-8.336637920979917959e-01,2.082954365417104825e-01,-1.293203280730048921e-01,-3.707313093888174853e-03,2.225181272654694897e-01,-2.161786770792956114e-01
8.539966347239290323e-02,-9.417441488998874732e-02,-1.642818141258040043e-02,3.908006022418026304e-01,-3.683382206121094682e-01,-7.053821539789258133e-02,-5.580125201412629021e-01,-1.670640704375720986e-01,-2.519035727670044730e-02,-1.313323911274577593e-01
-2.524763385118983794e-01,1.759552319921902641e-01,1.734129827137472490e-01,2.139530129072020614e-01,-4.216253089327193782e-01,-9.932684502108675428e-02,-5.255637850425092239e-01,1.304526759161847571e-01,5.644584047450404429e-02,1.799626041368781668e-02
-6.192118448369542810e-02,1.496846279056350815e-01,9.359871718302338606e-02,-1.204056397717496174e-01,-8.706187430150993944e-02,-1.858341805353095066e-01,4.987702027626289558e-02,-1.022823435092374278e-01,5.875684959299881660e-02,-4.609859210586877420e-01
-2.789110497791427168e-01,2.830864368849710933e-01,1.766845861746260959e-01,-7.388763077524944378e-02,-8.904152081127395535e-01,-5.194492237276490676e-02,-3.109682905215656601e-01,-7.283829919282673593e-02,-2.924138132198312867e-01,-6.299361100342059094e-01
2.962776018736086869e-01,-3.027071844862576078e-01,2.448919119929142407e-02,1.570139851263076258e-01,-1.098713908571048448e-01,2.489556166099172185e-01,-6.358040477949369329e-01,1.956580300043401707e-02,-1.977874467754550114e-01,7.351215573585806462e-02
5.990081820977646299e-01,-2.573947168357320625e-01,1.437263421994845192e-01,-1.753586562439377883e-01,-4.451796893093244445e-01,1.528776366468338754e-01,-7.839478287134591383e-01,-1.167848820639053042e-01,6.735013410539754386e-02,2.242693307206485298e-01
1.153184099542592239e-01,2.191799548647675386e-02,8.627802905838753700e-02,6.249996667784967208e-01,-2.629525465885426336e-02,1.296118468457650164e-01,-2.305006385122865542e-01,7.349500868232976269e-02,-2.973009868737257477e-01,1.152057526964595513e-01
1.494654119832634354e-01,-3.258480775715749678e-02,2.847823805195737190e-01,2.845937820625410453e-01,-2.181362289103940255e-01,1.396716297671941331e-01,4.420601085978023009e-03,2.732741261427990356e-02,-8.726421852502529164e-02,2.865196353702961218e-01
2.762818881768013823e-01,4.621731687706318557e-03,-4.514596413413348580e-02,-1.766991860933912750e-01,-5.702412834810029196e-02,-6.704675108557058005e-02,-1.116191939103095970e-01,6.716655737529059721e-04,3.742051577877167912e-01,8.631665262261975502e-02
4.048767139098566337e-02,5.897990310699011141e-02,2.355364323082179967e-01,-1.390180861569797754e-01,1.939373855047339945e-01,7.634687403459496091e-02,-6.582405126768334225e-02,-3.799704609590907195e-02,1.593195078762332795e-01,-1.711528935587133260e-01
2.907289610314966466e-01,3.743800131110691098e-01,2.155424585884401500e-01,-2.656714982400585137e-02,1.344930988368225055e-01,1.233009891591475837e-02,7.106301637037599761e-01,-3.448656180262176657e-02,1.098490814846539571e-01,6.490566998195326787e-02
-5.783225037327662573e-04,-7.636075753921390576e-03,1.118527851890206287e-01,-2.973157751560650056e-02,-5.338977174010042237e-01,5.408950815355006991e-02,8.891260647034260334e-01,-3.745410769056304462e-02,-3.203166319768591119e-02,-9.958557268304471521e-02
4.008852935593541500e-01,4.016395060792374294e-01,-9.060391269063956809e-02,-3.083768271804975258e-01,-2.842997031964412114e-01,-1.884807232213338291e-01,-5.801830732798842760e-01,1.843854170999633668e-01,-3.591783621312441555e-02,-3.425817254349572405e-01
4.597223985447732031e-02,-1.197059778332485863e-01,-3.355454928882854217e-03,-3.628274604338765363e-01,-2.616586039008317877e-01,-2.961142610170531750e-02,-4.613277542868363112e-01,-3.484275965796310853e-02,2.050354012051730165e-02,-2.517618402974394209e-01
-5.055037767041241359e-03,-1.887808629694178175e-01,7.690261749781086495e-03,-6.911249574460258394e-02,-3.507122163169436591e-01,-6.206275890813581220e-02,1.552778883930403808e-01,-8.289228841089130162e-02,-4.261014006604267601e-02,-3.255389070957392939e-01
1.693648881660741734e-01,7.476486146976747682e-02,6.756820857615880582e-02,-2.061049179267181730e-01,-6.354572759152590233e-01,-8.623705113035558256e-02,1.554740819078974934e-01,1.107730751187254725e-01,-1.309888970727340722e-02,-3.118430447096921521e-01
-1.435916298548196857e-01,8.106578186129494157e-02,-3.391521062284169608e-02,-1.421863111061671681e-01,-1.886369254527177353e-01,-1.618377042539069152e-02,2.575016584618507465e-01,5.727453612534109256e-02,1.229675687756780732e-02,-1.920936328082795130e-01
-3.917854823224661831e-01,5.637164598724889730e-01,1.489157729727952073e-01,3.382880649329230577e-02,-2.564167224255260447e-01,-2.682498372522677463e-02,-3.215386540058665088e-01,-1.426858648370483706e-01,-1.807937132235186151e-01,-2.749049121841541377e-01
6.433114890270454078e-02,3.236545597397238461e-01,9.700980691982986903e-02,1.320311819358581384e-01,-4.222356826492628668e-01,4.368710098662224872e-02,-5.329021792304990957e-01,7.949888627756279691e-02,4.045760438900358746e-02,-5.368399335144131701e-01
-6.735039111420361435e-02,1.409776480029536865e-02,-2.883706456559147896e-02,1.296279993433426536e-01,-8.946544844638137928e-02,-1.115222838873458980e-02,1.699707980777834335e-03,-6.645927670572461532e-02,-2.253545665329189096e-01,-1.913550797263852687e-01
4.461168126833091330e-02,-4.549819139786389077e-01,1.681343925291670927e-01,-6.249552490636086678e-03,2.121215415640363977e-01,-1.560575535042754425e-01,-4.250572423997006077e-01,-7.691509518817532531e-02,-2.798045592798384038e-02,8.267232201250099277e-02
6.134702805027578698e-01,2.770068282423357453e-01,1.064156218587051644e-01,2.202141796536310203e-01,2.582728824090848030e-01,-3.763439014752985312e-02,-9.201387715362430164e-01,-6.640221854134928381e-02,-5.208888797365641976e-02,7.788379124512709306e-02
2.516408460782876833e-01,-4.757115897231467549e-02,7.750524080728793397e-02,4.563058697278706694e-02,-3.990583963005341350e-01,-1.676032370599288279e-02,-2.055418200703478665e-02,1.972234890966292550e-02,-2.553216842128838149e-01,4.726255020445280230e-01
6.617861302991835670e-02,7.702353356999246115e-02,-5.893036492265366771e-02,2.437115780459811129e-02,2.566531678206271927e-01,1.453942303490403376e-01,6.537121257281994779e-01,-1.253739018445364783e-01,1.150311249703985239e-01,5.165447438639599875e-01
-1.387122011429272328e-01,1.982762164979266495e-01,2.573861524770149067e-01,-3.324138856268734066e-01,-3.697787945675817811e-02,4.480212593261788390e-02,3.051828720353598201e-01,1.226675252576053810e-01,9.968788041292576951e-02,3.032210370680002987e-01
1.286289296783661718e-01,-1.217475534717184366e-01,2.485061683172131719e-01,2.741326965609132693e-01,1.143209447206617185e-01,4.110407823979755904e-02,1.196291474358478352e-01,-1.696404353685097566e-01,1.325859579838111202e-01,5.539254703155589710e-02
4.140904003800248423e-02,1.483269187644928877e-01,-7.515807438409580210e-02,-3.457206442738776624e-03,3.337937721775669497e-01,-1.229896516772046172e-01,2.478276201665609302e-01,-1.563159355044212162e-01,1.264352500852262973e-01,2.059641458252172222e-02
-3.648942944598769222e-01,-1.773988697548406490e-01,-1.103088079502963365e-01,-3.725611132817945870e-01,-5.312797459374717091e-02,1.366066356862648268e-01,2.509875896946116014e-01,-1.522946295044626530e-01,-1.228621772350086822e-01,4.676771450852854756e-02
4.527917613078483172e-02,7.579299918083114151e-02,1.033909161275916623e-02,-2.787990871649401736e-01,-3.770039606994837755e-01,-3.675870430327840555e-02,-1.893145308071682992e-02,-1.840905621862009012e-01,-1.089887330276839844e-01,6.098139723699946141e-02
2.671121886782164556e-01,1.566625691507060603e-02,-7.926103069376566612e-02,5.673175808596915282e-01,-1.939360674630835613e-01,-1.524324621182697112e-02,1.216168492337100504e-01,-1.254909455128534745e-01,7.558002687975785838e-02,-4.137337898137130043e-01
-2.616056709243243517e-01,6.008459878043027613e-01,2.025424776667196503e-02,3.401052496048511675e-01,1.104275844999296763e-01,-1.377906478124206469e-01,3.775324844811325797e-01,-1.526199139979223518e-01,-6.993641095154089216e-02,2.131405114258832778e-01
-3.328337349275029000e-02,4.289564710757843291e-01,-9.174002437861486503e-02,-4.470771938573432913e-01,-2.703818491867607809e-01,-1.060327488862969209e-01,2.932202964723164551e-01,-4.613374763745537246e-03,2.318452226382538561e-01,-9.636327724517787519e-02
3.289614011159976426e-01,-6.040390589525719556e-02,7.360554974806753081e-02,-1.883120728708024549e-01,-2.295737123057408069e-01,1.335635790889773689e-01,6.144681225144902476e-02,4.625243357398902549e-02,1.795454385530345087e-01,-4.759316556285396738e-01
-1.045428091427207246e-01,6.084227445370177234e-01,-5.861046020344994750e-02,3.844628634832494840e-01,-2.823714214841226977e-01,3.203558793157557094e-02,-6.743678198794811340e-01,-2.078751505732520308e-02,9.222513520520789557e-03,-1.319887355790568817e-01
3.797941822890708585e-01,3.783712370736311281e-01,1.909335417664610735e-01,5.419297040049552150e-01,-6.149286390256345491e-01,-7.520400741751353917e-03,1.822280530474388038e-01,-1.021632480106765550e-01,-1.009746623598243263e-02,-3.454562291319721729e-02
-6.525849720242067609e-02,2.431056800792262829e-01,-2.953291613619198758e-02,-1.719119731650654848e-01,-2.424954153850097105e-01,-1.759245852748793915e-01,-1.878951085247873853e-01,-1.211634940578773523e-01,1.649015155438063318e-01,2.486273737609178136e-01
-3.250310714558435603e-03,1.819766642417859903e-01,-7.491862168440736880e-02,2.278855135648888766e-02,6.732449552174418761e-02,1.841297280541040818e-02,-7.483845442993990182e-02,7.281183435092188072e-02,1.524316147628100304e-01,1.912907954589069259e-01
-2.726942887431173940e-02,-1.008464894874465251e-01,-9.415613874632634828e-02,-2.429644446374404632e-01,1.957659681633711415e-02,2.422943339741606694e-01,2.062724357250481366e-01,-1.656007464550617869e-01,-5.101928424045509836e-02,1.200463067892394153e-01
2.748557232761229541e-01,3.098197945318821242e-02,2.758495246105839849e-01,2.818530807869471522e-01,-2.879715336959793870e-01,9.221258892246951555e-02,1.980392208841651736e-01,-1.396907092656509142e-01,-2.595186013699424810e-01,1.319009194690035913e-01
-3.680010915974356034e-01,2.004633792467507281e-01,7.790371235230009184e-02,-8.412695909264027161e-02,4.040012790125858122e-01,2.129242182263373084e-01,7.578836924183252055e-01,-1.521951734250862609e-01,1.320043104039689275e-01,3.761466918238551838e-01
4.494640195047530651e-01,1.192971165344763190e-01,-4.161485014767819096e-02,1.624842768853038966e-01,1.460488702553492391e-01,1.393328152903522410e-02,2.087848928625041511e-01,-1.206868844448568956e-01,-6.431623649521432673e-02,7.775267174321396357e-01
-2.186667471697029408e-01,2.358409877359021189e-01,-4.108141287899179372e-02,1.530400454896162776e-01,3.587718495525610840e-01,-1.026154544503946192e-01,1.834347072980650056e-02,-4.082061217268161818e-02,6.543089093831455649e-02,1.530602115425482856e-01
2.390673945401304012e-01,3.263026676903563739e-01,7.227552007459912831e-02,-5.052418528731281167e-02,4.260599908181106343e-01,-9.922912635777104973e-02,-5.961725763538925360e-01,-1.303557035730757985e-01,-7.329635516380085536e-02,2.901726600698858460e-01
2.041375305927851935e-01,2.303203259436963912e-01,1.091484455286172300e-01,-1.152943459626170064e-01,-3.939178877985168303e-01,1.842892125990326091e-01,-2.845509754033970773e-01,-3.762120121444836179e-02,-2.712005438761502241e-01,-5.835778030194973057e-03
3.822898963742872858e-01,4.653700157562967177e-01,-8.236705361602434175e-03,-3.872356219941541777e-02,-3.572220131886998939e-01,1.517379415546099841e-01,-3.917231464483424824e-02,6.007133161278741668e-02,-3.224458621929622293e-01,5.437491564806926775e-02
-1.817795468516274215e-01,2.723801085894104745e-01,1.987276748584488294e-03,3.404190855707951990e-01,-4.937700613905357527e-01,-7.341248493684922327e-02,-1.850657543320521625e-01,-4.632069148381209173e-02,-1.055899882149735486e-01,-1.723336271594481661e-01
-2.176029115799756608e-01,4.195939759121393720e-01,1.304584582619250192e-02,8.850889560366088926e-02,-1.235731207472927640e-01,6.428942877914146925e-02,-1.962726938987547076e-01,1.761883307321618353e-02,-3.590083514420442379e-01,-1.336987901380720656e-01
-4.125786007559795743e-01,3.171283924255772768e-01,1.304847451074781228e-01,-2.841739272157892127e-01,-5.091074964395634339e-01,9.882416295845154741e-02,-5.596924122839318921e-02,3.962793612138953286e-02,1.486143348121056196e-01,-3.878109260667023800e-02
-1.350122226413001669e-01,4.198231421970653465e-01,1.315404774854309344e-01,-3.552666526072584957e-02,-4.896086111206739422e-01,-4.931814868402388530e-02,3.402173069766076252e-01,-8.516040108293855548e-03,1.449465798466811339e-01,1.377467711145284879e-01
-2.960346211440827990e-01,4.263767095735623847e-01,7.944450237520463143e-02,1.086732361167806610e-01,1.442760768359980517e-01,4.596014984871667208e-02,3.688826779518141197e-01,-2.440215202985774323e-01,3.612587209201244542e-01,1.772629796776639122e-01
-4.048939344659019945e-01,3.192698258761391128e-01,-4.181601060424142841e-02,7.060260489480407742e-01,-3.106535304135113473e-01,-9.713583106036126347e-02,6.706897878266642188e-01,-1.588526847677474430e-01,1.887799215769647154e-01,-3.740916314857603009e-01
8.568860427441947480e-02,4.106585406738063049e-01,-1.276417022124410293e-02,4.679179782579300229e-01,-4.355988466996229547e-01,-4.565564347580985081e-03,-1.000601117222817554e-01,1.579287343433736779e-01,-8.849739908202454777e-03,-2.599504185606810180e-01
7.547865615371478210e-02,7.947578628269577616e-02,-4.451867124532967596e-02,4.604813847535997318e-01,4.355525168783883419e-03,-1.280990579843182819e-01,4.635292838375134061e-01,-1.823997974822221813e-01,6.411780126620982012e-02,4.220814059088084935e-01
2.153387324576029832e-04,-3.649071553346370789e-01,7.443148199161116196e-02,1.495377445056155497e-01,-1.849697953209498702e-01,1.422784548446168473e-01,2.349787859345540963e-01,4.323918476820746287e-02,-5.482371910899351553e-02,3.399303175925862952e-01
6.837393576895368918e-02,-3.902398723344925879e-01,4.832486261507561859e-02,4.719561993168454039e-01,-4.386035707618331503e-01,2.218231477372436811e-01,2.345413886061203657e-01,-7.334625330329845594e-02,-2.980658779591203178e-01,3.528759366416236443e-01
-2.014889507611351827e-01,8.422219773803281406e-02,-3.979847997964728462e-02,-3.411893205958485553e-01,-1.057559157311173392e-01,1.204114688600808752e-01,1.710365883808341592e-02,-3.470670488405832449e-02,3.745378554468470345e-02,5.115436745181380918e-01
-1.517425937889710641e-01,4.344900094714043148e-01,5.600337864403012039e-02,3.372145848991482953e-01,3.666704877132053730e-01,1.730641982800239231e-01,-6.905311337673980532e-02,-1.233602385450432160e-01,-3.344533733423191713e-01,4.818257570281946345e-01
-4.989239604704853170e-01,1.097673801996405657e-01,-1.635041657012616112e-01,3.293895768277579905e-01,2.000662415165176400e-01,-2.268772250829049486e-01,2.598076889563914471e-01,1.231498160978196643e-01,-1.436771117227157550e-02,3.200011823753496909e-01
1.730847339101123927e-01,3.867435143219333793e-01,1.038702867917192102e-01,1.196714351639037582e-01,-2.987863334279900959e-02,-9.163877303091956528e-02,-3.557418087551675323e-01,-2.086426688881222735e-01,-1.910883228047731246e-03,-1.483602228889698282e-01
2.107469178596386994e-02,-1.338589352804752108e-01,1.340289868637112025e-01,3.789531777966008153e-01,2.639338714925325013e-01,-1.087202905394228786e-01,-2.708609569918696836e-01,7.078122119356834371e-03,-9.325995787102971113e-02,1.545515019037165261e-01
-1.279288276286229264e-01,4.239272101793833403e-01,3.779375038318254915e-02,1.745503690647534356e-01,2.488512753006937375e-02,-1.615636254791345816e-01,9.085405854708876461e-02,-5.617968772927414006e-02,-1.526046255410283270e-01,9.647219499421310143e-03
-3.333304786209101422e-02,-1.967581825297591222e-02,1.425168775210446659e-01,2.047025902023068833e-01,1.392133123251285964e-01,1.345606237243256453e-01,2.547962451515808219e-02,-9.505756435018533623e-02,-1.805038892957681051e-01,-5.892643764638715725e-02
-6.299702657406178741e-01,-4.778766239386842973e-01,-1.393550053505936137e-02,3.170425926507621228e-01,-7.991796644778004222e-02,1.578900874222159689e-01,2.745815914650426293e-01,-6.888945250504278917e-02,-1.918860353536822050e-01,-4.756307749372335608e-02
-7.818438506012433120e-02,3.397329595020470161e-01,-1.019816275990210463e-01,4.689186642217567369e-02,2.077348067233767206e-02,-1.320072977550096061e-01,1.356760064812655708e-01,4.598545286055626818e-02,-1.229451268427770305e-01,-1.484541736105936816e-01
-3.372128632126056291e-01,-3.467170640089280165e-02,-1.273128107042156010e-01,1.185099196633995211e-01,-8.975648033223083688e-01,2.168942531367583915e-01,1.175012593870797678e-01,8.900195730038049091e-02,1.301841253892746797e-01,-1.220757559251572089e-01
-8.988283993847119568e-02,2.092192498938477696e-01,-5.879468834267837646e-02,6.299466961584484492e-01,-4.362146269830782241e-01,1.633591926073094946e-01,3.182241756557608325e-01,1.292619225358368137e-02,3.022385870599924099e-02,3.928903599706557587e-02
-5.823963643668067514e-01,3.385147224612551908e-01,-1.060943376779730080e-01,-4.185668886193590343e-01,-4.645897912362496052e-01,8.984871385301577973e-02,4.047464101134221059e-01,1.200310033006691812e-01,1.394942354004336527e-01,6.416465509145743984e-02
3.509143504213873554e-01,1.940583098418630636e-01,-1.835024200012988771e-01,-9.310707160237512159e-02,4.509979426410293812e-01,-1.644131517993977776e-01,1.111468104519415384e-01,-9.364684600539444070e-02,1.021668772027106292e-01,2.688452395939551209e-01
1.078632766388077785e-01,1.670379151738385914e-01,1.466895366486190705e-02,7.885750865736393389e-02,-3.577124579755280309e-01,2.258819934731872911e-02,5.515256733676030532e-01,-2.651732530546941843e-02,2.088385626904599168e-01,1.082318187491786987e-01
2.067276080508063940e-02,-3.718477028467741252e-02,5.567225811392558649e-02,-3.346423414513353123e-01,-2.329998824261348411e-01,2.468658376343307523e-02,8.207804921075867455e-01,1.022110759156318327e-01,-1.306194607116477335e-01,-3.935901445574255947e-02
1.646065434857499343e-01,-2.634307461168762798e-01,2.793073978786609901e-01,-1.861201861201615959e-01,-1.651020264083918609e-01,-1.992675426417282181e-01,5.802486668535884462e-01,2.484466976186600409e-02,-1.053527290994137749e-01,2.392686330811530093e-01
-1.330832636104912758e-01,3.704644632258322079e-01,-6.823894609848420167e-02,4.697191322306018546e-01,-6.083270286510131936e-02,3.711692364759608398e-02,-6.446481433093964597e-02,6.606891264903924643e-02,-3.376554227666542785e-01,4.309770554086984617e-01
1.311674043711831333e-03,3.480369323591142039e-01,-1.315633103641955237e-01,9.760700784718139011e-02,2.110833649035824197e-02,1.949098270479896963e-02,-2.506548451225020235e-01,-2.361529295480711485e-02,-1.582544734245371343e-01,4.373510294621764105e-01
-1.069213173478961387e+00,1.738360775751741083e-01,2.933736938879673989e-02,-5.225836572643410838e-02,2.636268448053525337e-01,2.250432776765246348e-02,9.723790231821983002e-03,-7.861963756441367468e-02,4.801692361608816961e-02,4.038831075254125658e-01
-3.371361343533121890e-01,5.561402293257268203e-01,-5.296073393885786934e-02,-1.165391152168971170e-02,3.799458948638378963e-01,-6.579224152433955052e-03,-8.851655495908745952e-02,-4.483478110608538764e-03,2.244216402471880811e-01,3.252941400130885397e-01
5.727189879228020142e-02,3.457681046267150893e-01,7.785933819249617194e-02,-3.872226269130696341e-02,1.747115658378928793e-01,7.105326847625022257e-02,-6.311227317760359501e-02,2.787535543635225391e-02,1.663713478160205317e-01,3.007651135889124472e-01
-1.492297611513311861e-01,-2.990728388696812234e-01,-1.133751478356280762e-01,4.970650239952327243e-01,3.699477222495233808e-01,-9.693387516716694963e-03,-1.375486799379035119e-01,-1.100588578909494075e-01,-3.171781609685454528e-01,-1.060236702259007291e-01
1.100264404837588278e-01,-1.646972970882963280e-02,1.256147679679424090e-01,1.443412674810929663e-01,5.221082762737517813e-01,1.368800213245058295e-01,-5.899221299226344029e-02,-1.692222653352600803e-01,-9.030574005034201768e-02,1.942005775037518034e-01
1.712845352319676551e-01,2.411727739919861113e-01,-1.998828286194554577e-02,8.407915001131538446e-01,1.920884869695495545e-01,-5.872435724142460733e-02,-2.869679475077106974e-03,-2.062300749571396863e-01,-9.749575389836302730e-02,4.165509412625498925e-02
-2.664646325076453492e-01,6.449406416595987457e-01,2.398860927617074978e-01,3.908819571026752038e-01,-5.220824422234291579e-02,-9.815800721334665135e-02,2.364900084591418372e-01,-5.176891202258298436e-02,-1.567839364112628281e-02,1.247621767925831127e-01
-1.862034767371204269e-01,5.500631313277181134e-01,-7.813877152023913919e-02,3.504198896337638591e-01,-5.165383193133729067e-01,7.576519394510981831e-02,2.840742001160246333e-01,-4.388861623322961453e-02,1.145369413137961173e-01,6.912917616916633423e-02
1.463309912744148178e-01,4.521972577393459924e-01,-1.459310827382600817e-01,1.217492777059525216e-01,1.298582356438266472e-01,-7.225749571909594049e-02,-9.076534826440639525e-02,1.155476985654679822e-02,-1.885011387790000437e-01,1.318570315541220950e-01
3.027418230089992668e-01,3.785345349986569130e-01,2.325141119821766134e-01,-1.619161432390632538e-01,-8.460590628173614292e-02,-8.860621951513401873e-03,9.191735608500206656e-01,-1.165194583381475302e-01,3.761740742476026023e-02,3.018676684216863304e-01
3.705070236294950858e-02,5.261273712322261931e-01,8.680378305926138294e-02,3.111625232100295180e-01,-4.217167767057208860e-01,2.127858715184810789e-01,4.843356083157691061e-01,-1.708540846309165029e-01,-7.470234998535023319e-02,3.424179716904778292e-01
-3.863148344437002391e-01,3.463288015135108089e-01,9.010142305616650193e-02,-4.978157002823474508e-02,-9.441253354259446229e-02,-1.791795943841347494e-01,3.150184030301426685e-01,-9.610792043351794323e-02,2.345100460828157818e-01,2.606234951073365114e-01
-4.216870631697744454e-02,1.400392691206250317e-01,-7.517346875680854489e-03,-3.638567577466469971e-01,-1.182797469978727478e-01,9.303184499395698859e-02,3.908630730376421725e-01,-1.374447577213495086e-01,-5.477780607310452077e-02,3.735096176311584193e-01
8.923318927240149467e-02,-2.404151682382321131e-01,-1.615548144943723110e-03,-8.213766116421898633e-02,9.774086861147542049e-02,1.227367280835135327e-01,4.570580485892624112e-01,-1.851335737007019921e-01,-2.163341272057389686e-01,-5.478975073105913501e-02
-1.139416976559278066e-01,8.130053700915121917e-01,1.246417306393041713e-01,-3.008053150496328709e-01,-1.079167751351302051e-01,8.131479925794264652e-02,-1.008852671521729555e-01,-1.099925486918355566e-01,-1.994045501056325165e-01,4.582444553027051892e-01
-5.476972461566764760e-01,4.757529405887117036e-01,-7.149810163233007165e-02,2.839092464320049785e-05,1.379377334386960308e-01,6.573854445168535177e-02,-4.289145003078297935e-01,1.833587225119731046e-01,-8.774987110144079339e-02,2.228365933037748312e-02
-3.418707141090188695e-01,6.270296318356775034e-01,-6.367737704593760817e-02,-3.447737185169162666e-02,1.731043833533247867e-01,-2.589677021782063257e-02,-2.697939890812263708e-01,-1.442718216191350433e-01,-1.933226310283850044e-02,2.127075324317023730e-01
-2.777543423291865821e-02,3.070777620268163033e-01,-4.603721008459861486e-02,8.466221203933267658e-02,2.856942897978644313e-01,-9.135998933178025860e-02,6.921261124203575976e-02,1.417202398862217327e-01,3.134026699826991669e-01,4.804973114251072097e-01
2.788565246992130708e-02,-1.757000230938471352e-01,2.032256128143693774e-01,-7.118573817724144215e-02,7.987822796778555612e-02,3.612788020009008449e-02,1.422629409444158555e-01,-1.212043310153510106e-01,2.445086823862850367e-01,-4.719858210835625040e-02
-8.230365645696678667e-02,5.138370498966138115e-03,4.105424905136024344e-02,2.114124586268934236e-01,3.829601214470837456e-01,1.255894925963221553e-01,-2.895599316293475112e-01,-2.256312163983071883e-01,-2.826762268405526024e-01,-1.309547134817251601e-01
-1.649560028979641657e-01,-9.097257306428373214e-02,2.007449590604368922e-02,8.765347933159615135e-01,2.393918800019045889e-01,1.155020175337880400e-01,-2.081896763869164058e-01,-1.807266165426876237e-01,-3.152562027639072006e-01,2.142493097022369133e-02
-1.222872570610114978e-01,2.934357229855296192e-02,2.015122528840322114e-01,6.753967400735101378e-01,1.227354126686857477e-01,1.117388346589797826e-01,2.248950349785075187e-01,-2.606511136546910221e-03,-8.901476956609725988e-02,-1.343762159966282732e-01
-7.184723706080973701e-03,4.858992239045353823e-01,-6.010778785314564027e-02,2.364222080716763263e-01,-1.026264264521443426e-01,8.221588306098941493e-04,3.607292113655614085e-01,1.162536104648247970e-01,-1.343171285413929383e-01,2.099272305604387157e-01
6.776162164719976566e-01,8.042419431616302239e-01,-2.199548452556526063e-02,4.347168266427866024e-01,2.342684185145275585e-02,2.359894583871391116e-01,1.429619657871491756e-01,-2.001254634835633595e-01,9.633776164215039628e-02,1.193889709956108408e-01
5.342937510856553551e-01,2.859524000957567869e-01,-7.967503049360487311e-02,2.824300205816784315e-01,2.826389055106431902e-01,3.419951282255621894e-02,5.652271105121657868e-01,-1.836684032422978285e-01,2.403629853128628757e-01,-8.133062489213210844e-02
3.820921275621113611e-01,3.734704623588203654e-01,4.774511206630535111e-03,2.405642066720117649e-03,3.428965298680968221e-01,-1.089399039852415735e-01,4.579924369688090358e-01,1.725886029641818808e-01,1.890418389195400173e-01,3.317323719450332442e-01
1.378822990373460011e-01,3.372580268680311355e-01,1.837722105064567846e-01,1.751309714094719527e-01,-4.005199228118012100e-01,1.961878927354762936e-01,1.363226591533850673e-01,-1.626574708142308201e-01,1.193190347875915276e-02,2.253103649285245480e-01
4.975450881649547408e-01,1.083039972891415986e-01,1.892710582417923282e-01,-3.454225078720094683e-02,-1.017444822618630701e-01,-6.118706329907068475e-02,3.652767741252729849e-01,-5.414160380585606586e-02,2.581039264402138975e-02,2.170179413355526887e-01
2.817221571916917466e-01,-4.062820134142729189e-02,-8.514585393661730506e-02,-7.090339264798961594e-01,-2.807340911141795736e-01,9.160429553233435940e-02,2.531666894845699400e-01,2.739501334564996629e-02,-1.402951580675912135e-01,1.915610170020233261e-01
-1.898864789812551856e-01,-2.772672379389395370e-01,2.823828671060375495e-01,-6.333260066405881350e-01,-5.708049088896111067e-02,4.679228621579033243e-02,7.208125680669874580e-01,-2.099072042276315941e-01,-1.903879555234431753e-01,-1.710545065783301566e-01
-2.694988636303052298e-01,7.318818872098172001e-02,1.270187381653408998e-01,-3.124593732972681948e-01,3.128012693205434180e-01,1.436466461321403154e-01,-2.243136736936617581e-01,1.299578705883551732e-01,-1.879123122335494833e-01,5.489899808626329536e-01
-4.742653826844778209e-01,1.011430127968853260e-01,-7.672136189838268949e-02,-3.418758243314042322e-01,2.289746971977975054e-01,-2.067089965823332987e-01,-4.196351306272391724e-01,-1.590807193160671540e-01,1.385843864188466279e-01,-3.976612733410401362e-02
-1.338043738171616759e-01,5.072421869064113187e-01,7.511151033575010072e-02,2.123227657427339266e-01,4.323735119763617019e-01,1.651554101581994283e-01,1.706332664014708900e-01,-1.906198780346622934e-01,-1.937793943095257321e-01,6.446070913153398863e-01
-1.868299574288120046e-01,3.656467487175217301e-01,6.655728116765632918e-02,-1.157974181007763032e-01,-2.938089211449406227e-02,1.096369080288122147e-02,3.689384331945665813e-02,5.463835175483506418e-02,4.198474572314854492e-02,2.594164010371691198e-01
1.725277356709685739e-01,2.650896682070214561e-01,2.077287550533639948e-01,-9.842673540192405091e-02,3.490910065103901561e-01,-1.359689693581428091e-02,1.295980019670923793e-02,-3.046739569867640274e-02,1.686804628875892761e-02,-8.938195596520517872e-02
1.359082957548108511e-02,1.856403408884174100e-01,1.024607852097755983e-01,5.963964483100776537e-01,4.013286551529273716e-01,2.001996294940893983e-01,-2.197338538527500440e-01,-1.602580106722392705e-01,-3.631046976717665631e-01,5.813530845096740590e-02
-1.872796334572816856e-01,-1.512062496299609315e-01,-8.277411202521373079e-03,3.275581126248172104e-01,4.459144039764293965e-01,1.416860329022102127e-01,-4.967552751505177611e-02,-5.004464838583790737e-02,9.356629960990935080e-02,6.383156310530554989e-02
-2.580643774601430462e-01,-2.875716083492699249e-01,1.070141959963292894e-01,-4.762185933183011866e-01,4.330682485092971629e-02,-1.004087023078656798e-01,7.191484478894865084e-01,-2.006648538513413627e-01,-1.281900999215271897e-01,4.739292640796721745e-01
-1.800228788272773828e-01,-1.540364922569187334e-01,9.995958498858707741e-02,-2.569959320490361465e-01,4.680832066445840545e-02,-1.144473063656183537e-01,3.416393691010865541e-01,1.101883753231482355e-01,-1.331986772086766191e-01,5.354315937022722377e-02
1.016588305801272157e-01,7.465620760716572268e-02,3.994376732835287075e-02,3.866427293464981818e-01,2.379219684849494532e-01,5.664568994221831633e-02,-5.702885481790108402e-02,-1.957474323994873311e-01,-8.932548691874771241e-02,2.647675645226543750e-01
1.700889146098943233e-02,1.238561113810930370e-01,2.770525163791638379e-01,-2.718552840966947590e-02,7.490744297219723569e-01,1.560407371914328822e-01,-1.735206170208850318e-01,-1.036027850259376992e-01,-1.558393161693970817e-02,1.850811292687474241e-01
-3.498266565028120001e-02,2.303626485225363507e-01,9.456354965786002709e-02,-9.799008068910565472e-02,3.555638800385512721e-01,-3.031778934866803926e-03,3.528392825162676716e-01,-9.836824881837593487e-03,-1.232953031914299363e-01,1.823366672737602445e-01
1.187334710832661649e-01,1.959681917887226010e-01,-1.055740182484494055e-01,-1.501325678408687303e-01,2.329205286654612744e-04,-6.477988748410996867e-02,-1.300119955784941606e-01,-2.025548620285062551e-01,9.497764681664378275e-03,8.315174362787466911e-02
1.696233763977100795e-01,4.787846382594692085e-01,-7.092839828817262306e-03,1.156366860187350437e-01,-1.313879000166414124e-01,-3.392883762336762477e-02,1.848746811478159391e-01,-7.135946717949699647e-02,1.689571098997740828e-01,3.302252806178517484e-03
-1.089649931617481943e-01,-1.701095409800895686e-01,1.736111188325567822e-01,-7.716125913164071370e-01,-5.122876174067992894e-01,-1.320927469690534317e-01,1.725285793867092077e-01,-1.208194801033604104e-01,1.155617079786430967e-01,-5.946292039700908777e-02
4.605794367826919200e-01,-1.005660285545488392e-01,7.915398290448283358e-02,-2.200839236483379813e-01,3.473872228401957418e-01,-9.601569157444493630e-02,-1.334583981475983838e-01,-2.568110707497092693e-01,-1.230107182786354253e-01,1.029526831136725606e-01
-3.977378390793079865e-01,-1.755190860247406448e-01,-1.467169703372535848e-02,-3.629427980413489352e-01,-1.345029543848387243e-01,1.729070024000838035e-01,1.511841856547991025e-01,-5.322963069562101218e-02,2.065573007414574502e-01,3.144975338447849600e-01
-3.798071472154472272e-01,4.349989494757367514e-01,9.273717280985832589e-03,2.705798971226417993e-01,-4.386257495609661161e-01,9.238744180011167206e-02,6.512188974459265367e-03,2.550036544994399926e-02,-1.610780916966592646e-01,1.489012969196913949e-01
8.436811652859775579e-03,1.722535490800422009e-01,1.951999131851037961e-01,-4.242055409501777063e-02,-1.472160224450311597e-02,7.166679150560791023e-02,-9.404965858904949794e-02,-5.392156892857510181e-02,-8.876237876504859681e-02,1.315511228968737623e-01
-3.926257105816021720e-01,2.667613972477649864e-01,1.846508635003990817e-01,-6.718858194277339546e-01,2.179158546411797959e-01,-2.785615665348737877e-02,-2.999151286877614342e-01,1.303863809942349405e-01,1.536966445307157980e-01,1.028670341566510493e-01
-4.745999637706623253e-01,1.088092934931588346e-01,-1.659022181944197205e-01,-4.923094466048173468e-01,1.512159622003908174e-02,8.128641928198075683e-02,-5.498632261791480680e-01,-1.090770582137723099e-01,-3.927520810556099917e-01,-5.353177353161147484e-02
6.535873573653812330e-02,1.429002748484941021e-01,5.430640672354519055e-02,-1.183832152260614196e-01,1.924963889607121392e-01,2.612309164841188427e-02,-2.037038009383261572e-01,1.319656628832940881e-01,-3.155664456524088779e-01,4.832594715655640777e-02
2.864534797344296391e-01,2.595380382003213415e-01,6.155916745514492666e-02,8.952802755202325657e-02,9.277673645842755557e-01,1.699933771776210578e-01,-8.017190810257532885e-01,-3.246358273509896558e-02,8.193595809199245850e-02,-1.685849667763320570e-01
1.787357693536567593e-02,-9.382154039887501129e-02,1.512929976276930488e-01,-8.403479272086185337e-02,1.774099857789262491e-01,1.749703816014080981e-01,-1.679151854077159667e-01,-8.693162114722499667e-02,-6.285092936681044296e-02,1.715050653575070361e-01
-1.946921101213565375e-01,-4.183024380638748485e-01,-1.974185960068770840e-02,1.839131416993526613e-01,-9.457703042711013142e-02,-5.790434755842471803e-02,-3.707817457459623989e-01,1.142175105366640409e-01,1.368417642112669808e-01,-9.218063322918709779e-02
6.426054323777082022e-02,-1.931577097340948512e-01,2.134780546915995142e-02,5.855735792963183417e-02,2.192625951579526555e-01,-1.017520882339408433e-01,-1.014780532169427124e-01,-1.277931333766742505e-01,1.473361054482403253e-02,2.455135260975776224e-01
-2.892774449964305439e-01,-1.043400820103740773e-01,1.882914970766136620e-01,2.468327734044426514e-01,1.480223449218779908e-01,1.329834221694127863e-02,-3.221712728006977389e-01,1.425701023586536248e-02,1.751309679512740858e-01,1.517383992397254300e-01
-9.977320048611404424e-04,4.207567048788694586e-01,-8.079532200950483023e-02,6.465271541978918901e-02,6.465835830985497412e-02,3.123014730736439065e-02,1.755931154951125006e-01,-1.319081289725694273e-01,1.763897580695851855e-02,8.393181415019082547e-02
3.867977981498163520e-01,4.769180354780693798e-01,-7.359908060744507589e-03,6.918858554255848947e-01,4.547997211548197583e-01,-6.202799897806966951e-03,-3.173656655853704378e-01,-1.842237784453584215e-01,-6.093839294448293031e-02,-1.383722632673895989e-02
-3.002786214349897898e-01,1.952580461096945497e-01,8.437494068988769802e-02,2.172544167791931879e-01,1.299573350852140097e-01,1.365660617025040990e-01,-1.406513659425112361e-01,1.479799465199110875e-02,9.750204239085276392e-02,-9.175375745074631703e-03
1.316529065638166462e-01,7.578109629951901294e-02,6.185708538800292061e-02,-1.158523581445731337e-01,-1.207594017393465863e-02,1.513690941397707601e-01,-3.543192180287912385e-01,1.046152177371121317e-01,-1.602825390799663199e-02,-2.527929611337558780e-01
-4.760258123481432568e-02,4.213657863738255460e-01,2.532519974084498360e-01,3.889496444592462354e-01,1.582503320316646644e-01,-3.693106848461685798e-02,4.000409553999559331e-02,-1.448347311913930069e-01,-1.250971180805413030e-01,9.808039420924074409e-03
1.145981155484475031e-02,-9.096044886907121707e-02,-4.710524278955136729e-02,-5.431815548919862735e-01,1.462098543028444997e-01,1.635171991161058214e-01,-2.649391922857595449e-02,-2.021171695422568915e-01,1.939070087651166840e-01,4.468403591395448959e-01
-1.768462861594657654e-01,-4.478026246846225633e-01,1.789056128836471193e-01,-2.399318419769808364e-01,-2.678003894895992221e-01,-7.882619298666855567e-02,-1.555483311872322971e-01,-1.396205716413858045e-01,1.504093719202873602e-01,-2.052052315473839039e-01
-2.066552810631044068e-01,-1.650504015321168083e-01,4.311399044223162419e-02,-3.325672632506801452e-01,3.760849748384470503e-01,5.127813051906586483e-02,1.075350472882612290e-01,5.995772741324369853e-02,8.824541913092663614e-02,-1.180808419605921256e-01
-1.839219832121575526e-01,1.630534191575253034e-01,5.024403592737931162e-02,-6.015526659744772076e-01,8.532345900237921221e-02,-2.219473248817633582e-01,-1.434943071042839857e-01,1.255614505283740856e-01,3.094447025486521952e-01,-3.377046703261848970e-01
-2.582715056914452467e-01,-3.570592821091047031e-01,-2.371285513969561831e-01,-6.121778279030389847e-01,-1.493868884124592913e-02,8.418350818158136517e-02,3.656584643222087622e-03,-8.334370463998092005e-02,-6.740329951894889760e-02,-1.629914096441056545e-02
-2.557838756249915524e-01,-3.749087715915588315e-01,-2.297236546126381895e-01,-3.911168370083372703e-01,-3.683660171096934111e-01,-1.598562705301750098e-01,1.247359117219254826e-01,1.574057169114808086e-01,1.883344901368316227e-01,6.415318179783736918e-02
-2.182186835940857772e-01,2.358495006477828171e-01,-1.500492585578906413e-01,-5.158677945503521017e-02,-3.587366796196069657e-02,-1.196589335020212669e-01,-1.522968930150647437e-01,5.174286230211672805e-02,-4.135998977438586077e-02,-1.720975319447581864e-01
-4.924759101751582935e-02,-2.137907974566320354e-02,3.862289753912103579e-02,-1.068990027165791945e+00,4.184601367081326739e-02,-6.514157703406296684e-02,-1.739566863428710086e-01,-1.262179036926318609e-01,9.674579656656547011e-02,1.629633945712027909e-01
-1.495560328722809196e-01,-5.191341260504692690e-01,1.332792102969285464e-01,-9.524964432666698233e-01,-3.465005942046626708e-01,1.152434973475341823e-01,1.759438139454543026e-01,1.398433494340950989e-01,-2.469692001874242426e-01,-2.481820510218148493e-02
2.232290844502948790e-01,-7.328544238805846656e-02,2.467595542189562202e-02,-5.021208899630791311e-01,-3.827528730534636159e-01,1.238422960642603793e-01,-2.029283253334324411e-01,-1.415597427845234901e-01,1.718511202213618763e-02,1.207013939702238914e-01
-1.643537905730610149e-01,1.535037011159801623e-01,1.788495167362694482e-01,-6.770127757804014212e-01,3.813031288579555311e-01,-9.007205267032162340e-04,-1.685038518782350503e-01,1.512628998771799183e-01,1.472405437978059339e-01,-3.906750121322454250e-01
-1.388312016764481627e-01,2.812014704313863800e-01,2.611440675484432150e-01,-1.966583825660162266e-01,-1.697236054072190359e-01,1.051760334141116499e-01,4.141719290491770698e-03,1.441572703612159501e-01,2.350857875372669784e-02,1.617868210891825224e-03
-1.504942189836958599e-01,-1.545623915410884730e-01,-4.073774742170531253e-03,-1.425573136815208308e-01,7.944143413782266128e-02,-9.487644367121954303e-02,-1.846198198007333591e-01,-1.366356024153016213e-02,2.948883169206752974e-01,1.409587613222700597e-01
-2.255568313042857487e-01,-8.129153341098753482e-03,-4.075988425044618085e-02,3.094203920496035320e-01,4.025406897526657701e-01,-3.312388445381927310e-02,-4.502569640481098312e-01,1.181356265451234400e-01,2.829475370139082346e-01,7.687718141478655509e-02
-4.335308121674602555e-02,3.269668938228981747e-01,-6.824167557381888294e-02,4.149520823765319721e-01,3.969767706588436806e-01,1.189254528548723128e-01,-6.922768324198322887e-01,-2.183460925574729275e-02,6.192782051325800008e-02,-4.503332657654877252e-02
2.381374835222876407e-01,-3.995942384982053563e-01,1.754735278892156913e-01,3.588884157768565397e-01,3.593836061496568646e-01,2.225514504648100911e-01,-4.547942041118367418e-01,-1.088908305404208965e-01,-9.178564354533731706e-02,-1.442989542071720921e-01
-3.199383748277449535e-01,-2.938231349733682607e-01,2.461392049810734728e-01,-1.902964919974917957e-01,-3.752107417395559863e-01,2.201569165192834021e-01,4.693206605193149250e-01,-7.491489150958308141e-02,2.259398555364168851e-02,-1.917296570364763753e-01
-1.369912427372925456e-01,-2.594989488321565729e-01,3.900861894632799698e-02,-5.267914288883376317e-01,-4.334258889303972961e-01,2.955036835415451035e-01,-3.804546576424117643e-01,-1.810020659091381989e-01,-3.688433879890377909e-02,7.524785080383177005e-02
-1.878014641741381496e-01,-1.267142432288760612e-01,2.525915143280882402e-01,-8.860018529797872855e-01,-5.049989623031458930e-01,2.021580590922568421e-02,1.870490026736668365e-01,1.425993954668746885e-02,1.100081579330529219e-01,-2.044378500685627986e-01
-4.994848316012723277e-02,-3.604993238585493809e-01,-1.338857854119440416e-01,-7.075385711150792289e-01,-1.955510457494276655e-01,2.547131155330276675e-01,1.274060554955605551e-01,-9.897774022327510135e-02,-3.045928190924727247e-02,-2.609341061353123159e-01
-2.630593250981829584e-02,1.910969552360549661e-01,8.276215669717264245e-02,-4.017269596517554775e-01,3.823828054317654490e-01,1.099893682784083976e-01,-5.780052737550817055e-01,-1.821507745626914643e-01,-1.096339727424529703e-01,1.155256982886930517e-01
-2.095103224517065599e-01,1.298473009344659757e-01,1.876464417525096351e-01,-2.742473538230972285e-01,5.679284398977226811e-01,7.521915284913609223e-02,-1.959941538174217734e-01,1.334748592484982233e-01,1.944140603666461671e-03,1.747713806184335028e-01
1.840482473705268018e-01,4.654318195501050970e-01,1.646583479051723919e-01,-2.715191207560918030e-01,5.422647421955968383e-01,9.706409701565889281e-02,7.485247449137689968e-02,-7.834775358332067563e-02,1.598145548842515654e-02,-2.403697113526931939e-01
-3.327956036743974777e-01,3.372745573110125794e-01,8.067477844569150014e-02,-4.150721039777987564e-01,1.584481154237666889e-01,1.630781287509153465e-01,3.562840547101174260e-01,-1.840860390153209458e-01,-9.742572893241228937e-02,-1.088824010421565180e-01
-2.696634905437260143e-01,1.385623837821904902e-01,-1.477227246956667461e-01,-3.156088078588583090e-01,1.493438956438336018e-01,1.251949703444973638e-01,1.802969385095963550e-01,-1.445215975878301751e-01,-2.232228076054383892e-01,-3.142709153662247568e-01
1.208898731366501583e-01,1.450923070973846873e-01,3.268625031833357480e-02,-8.699359981141857254e-03,3.563227690304742734e-01,6.809271945930217389e-03,-2.897972537192202158e-01,-1.689879375953721174e-01,-1.042325377475037812e-01,-1.840391312326560280e-01
-1.644440677913664717e-01,4.898350152697138193e-02,2.244572376352738374e-01,-6.273740680175232676e-01,8.568197119541326456e-02,-1.149469095102171115e-03,-1.226433104795405654e-01,-1.968766381811418165e-01,-1.406827240518993549e-01,1.039019307303229445e-01
1.010682154780657011e-01,4.556581808402426215e-01,3.704693377022712925e-02,-5.315463324224022346e-01,-6.712375071196491350e-02,2.458806680720610482e-01,5.959937684320413404e-02,-1.858667632881591146e-03,-1.086532170352625254e-01,-2.758288199077961814e-02
3.312860660565240534e-01,-3.448218997623496151e-01,9.081078586905221017e-02,4.224840929397821188e-01,-6.109984345975715686e-03,1.360123851587466959e-01,1.795224630883299199e-02,5.682114810192558790e-02,-3.942628409755560837e-02,-2.096443724086098984e-02
5.365860116345803066e-01,-3.522548290103038604e-01,1.764240283831833012e-01,2.628212609127827393e-01,3.832861851891769533e-01,1.297998359703059212e-01,1.173010946051825376e-01,-2.114421168641357762e-01,-7.757500216250622083e-02,1.405595808858791096e-01
-2.383682916444619937e-01,-2.782045373242950093e-01,2.214114694371821235e-01,3.371276384017695693e-01,1.990535914132431916e-01,-1.337568574514797215e-01,-1.209380740988030972e-01,-1.912593499295338062e-01,-1.453308610608196050e-01,-1.827500171119270100e-01
-2.961045614138603788e-01,-2.887622818494562163e-02,2.964190080624078405e-01,1.581038837203764535e-01,-1.555337243982680417e-01,1.942149697089391724e-01,3.050061833298037262e-01,-2.385219056688061764e-02,2.149742008686357855e-02,-1.639785693030024194e-01
