-1.752638663065000588e-02,3.927361805937364947e-01,-1.942092115903311655e-01,3.200128042394793648e-01,-1.130569905079821351e-02,-6.650011547829003389e-01,-3.728225005149257143e-01,-2.533496074831440570e-01,1.800376012709919982e-01,-7.574442583842296017e-02
-8.201911022092128745e-02,3.929499276792783879e-01,-1.513734414630752423e-01,3.638526070594133577e-01,1.477566380971171156e-01,-2.542414572604669298e-01,-2.321233670944232996e-01,-3.676570874209985629e-01,-3.405304676057174240e-01,-3.425147716818993660e-01
-2.017151991178360582e-01,4.255066285348909627e-01,-1.206250114191301237e-01,2.281583245586097097e-01,7.281727503384484435e-02,-5.540848756811214137e-01,-1.637519293963974332e-01,-5.435156205713845834e-01,-2.678588494415274357e-01,7.986912086571472391e-02
-6.488856071508580792e-02,3.271786537916999693e-01,-1.767230146323418016e-01,1.754306285360885398e-01,-2.191695266564834543e-02,-6.385302353426872690e-01,-1.154871899212620706e-01,7.200985170715974715e-02,-2.477375591781117992e-01,3.921260839202813653e-01
-3.146795761433467953e-01,4.109779751682328675e-01,6.152243427246594232e-01,2.043362190351887264e-01,-2.492369690501744506e-02,-4.100766151378312241e-01,-8.542772090526180861e-02,-2.447353017967350275e-01,-1.958084988470981322e-02,-8.869125472133353172e-02
-7.434463139255695352e-02,-2.120080533261263223e-01,2.442892530663975589e-02,4.075985608066117274e-03,1.444195593950982348e-01,-6.054751093914746418e-01,-1.725035039893941038e-02,-1.711341887696376518e-01,-2.638581720947015818e-01,1.020448347820575724e-01
-2.348829589205781165e-01,2.932285024814915708e-01,2.778514099954575434e-01,6.215470427537483217e-02,9.431331834164564942e-02,-7.183119274915440444e-01,-7.419217270032542333e-02,-4.161305061905813396e-01,-2.352357313384521864e-01,6.204527078575399202e-01
-9.479045173867803320e-02,1.957099785428575989e-02,1.161810865505690238e-01,-9.013066730933592952e-02,1.513935826159651110e-01,-4.436944776654788147e-01,-1.318323789931239443e-01,1.032155034133862143e-01,-1.316559584956023543e-01,4.611570801713750223e-01
-3.091863051746708835e-01,-4.079779092933680795e-01,-1.040762055750620863e-01,6.501121122110432859e-02,-1.325664736580104974e-01,-3.791768236878048093e-01,1.672680807051246388e-01,1.734240421691990441e-01,-5.329969143372675910e-01,4.878360494196909425e-01
-2.597611930032061034e-01,-3.311468479167030132e-01,-4.724091027954951949e-01,-1.365062239828289115e-01,-1.400614675989200475e-01,-2.355825737710815493e-01,3.696571567177867122e-04,-4.773336249382763574e-01,-4.984060149425901809e-01,3.250672808700801747e-02
-3.179212907561304036e-01,-6.706310852528693522e-02,-5.195417869160980917e-01,-9.192202204153972211e-02,1.337302506135233104e-01,-3.779834969545202705e-01,-1.184554931219417712e-01,-3.508234709491373504e-01,-3.024829304312600664e-01,1.263788593259709825e-01
-4.730109263737530267e-01,-1.639909883455629436e-01,-5.823156339365337386e-01,-9.679089704915873338e-02,-9.826262964013572632e-02,-5.756603878911586980e-01,1.441212414781534168e-01,-2.036265860173118725e-01,-7.272791625760844925e-01,2.385175985687306224e-02
-4.834777819069746574e-01,-6.135689137658091319e-01,-6.100316062496625724e-01,-9.130417027200272984e-02,1.099136882068462752e-02,2.126238474109019561e-01,3.777458722288951770e-02,-1.949427352562353444e-01,-1.460323308037332901e-01,-1.223575715510350909e-01
1.144519161560750842e-01,-3.642703557809103820e-01,-2.796170427024627925e-01,1.697590694723136867e-02,5.623724735481281517e-02,1.755370129571907634e-01,5.749879165309597362e-02,-4.988007774498031122e-01,7.386034868764991546e-02,-4.968440271700872990e-01
2.081718709171172244e-01,-6.442353897474952795e-01,-1.665764150827634960e-01,2.035893761014149761e-01,1.660731718328071482e-01,3.675101148099725323e-01,-3.003090675978686841e-01,1.015457185723246392e-01,-1.486622363204558317e-01,-4.010254636745548273e-01
5.400079070060001540e-02,-1.594275453890418859e-01,-3.227903749205341954e-01,1.820406001110088656e-01,2.620220681685619946e-01,6.641179887392539838e-01,-7.971522558518273627e-02,-3.892509966980254310e-01,7.683908508509611213e-02,-7.507402283931547959e-01
2.014134345231716472e-01,3.469319372603895113e-01,1.840821730347625418e-01,9.012902296995888018e-02,1.849315981719227564e-01,-3.777177151989189463e-01,-1.350014422482749554e-01,-8.383223923042257275e-02,-6.652800136146989896e-02,1.016193724284297634e-01
-3.276367676169473220e-01,4.072696682385506389e-02,-2.056488310869187142e-03,1.172807688307370144e-01,1.897665662850764046e-01,-5.259838166213235411e-01,-7.182903703161620801e-02,-3.192533567790745153e-01,-1.677203204507453083e-01,-7.953563011145412800e-04
-4.362859630615831263e-02,1.846169445123634067e-02,-2.914162815010623020e-01,-1.144181054752190646e-01,1.964394742494449952e-01,-4.476760655086715612e-01,1.017247402816725682e-01,2.615795392029134359e-01,1.733691249759550801e-01,-2.795622500439408631e-01
2.219197391288427537e-02,3.908759290118778845e-02,4.293887013663497815e-02,4.053560317742407881e-02,-9.468514484869032521e-02,-1.962355179116100357e-01,-1.216007272261949296e-01,-1.858190643062902492e-01,9.315310084402460278e-02,3.319674679378791654e-02
-9.311583129950684601e-02,-5.680238755543921131e-02,3.849124880947848298e-02,3.306105218978978855e-02,8.258494790384017514e-02,-1.423803383952478296e-01,-8.114677394527643195e-02,3.938342634294891287e-01,-2.686977209277183753e-01,1.306684674003598667e-01
9.851811474625002743e-03,5.963800252310850342e-02,-2.209686881448311158e-01,-6.347128891705440534e-02,-1.834000184440502668e-01,-7.072424703548930713e-01,-1.015522509964170011e-01,-3.183658718920447939e-01,-1.860768368657642613e-01,7.568264298977302185e-02
-2.104715941130860524e-01,-3.053751675688413936e-02,-2.539969593023725936e-01,6.008966476311965177e-02,-6.714909695618632990e-02,-5.358984675497645567e-01,5.619344896594950789e-02,-3.722426837624235318e-01,-6.022621950403282964e-01,1.248133398061507943e-01
5.542816379393994408e-02,4.355716137253633907e-02,-6.628905397596464022e-01,1.142240302294536825e-01,-1.172637857174400194e-01,-1.099424734582855542e-02,-6.060672613806930217e-03,-3.649357986410131094e-01,-2.128961179152076277e-01,-8.685455220664652087e-02
-9.329703915989789875e-02,1.892919527961305914e-01,6.819904959577510750e-02,1.023182433515192752e-01,6.260531138520923633e-02,1.185692941691512126e-01,3.046149493130296745e-02,-8.645645802630806676e-02,-7.851563692872053080e-02,8.281485289790511961e-02
-9.491162435138604818e-05,-4.470213542203135271e-01,3.866575619247937246e-01,7.014838056076362627e-02,8.054929497523795334e-02,-4.754772057903466909e-01,1.430024303143058728e-01,-3.440245609292367224e-01,-2.835249422977491052e-01,4.709837080892529948e-01
6.628229786342168528e-02,-5.090750639068671868e-01,-7.924618397402197756e-01,2.393591051053035879e-02,-1.435333692092845281e-01,-2.023262114516390653e-01,-2.342145665084300610e-01,-1.224745796744871329e-01,-2.756815538905641461e-01,-2.830543202408163372e-01
9.800633214858769926e-02,-2.189901677154129367e-01,-1.627048428841025851e-01,1.171518402723073504e-02,1.261763235824587825e-01,2.015626343429666179e-01,1.445682886300370951e-01,2.196456546035787105e-01,-1.926656048975641800e-01,-4.243324457232178215e-02
-4.624394709999474912e-02,-2.312927901201940195e-01,7.542258898159964753e-02,1.095879783475785657e-01,8.338772488385805259e-02,-1.217754912659824162e-01,-1.055411139807270887e-01,-3.324428668079602023e-01,-3.479450194800372542e-01,-1.344261223388292792e-01
7.981845987045305124e-02,1.530261651496738762e-01,7.127285397873020512e-02,1.657581267604073538e-01,1.024232970612418275e-01,-2.421832628064137793e-01,-5.967969556337012621e-02,-1.590149600295803212e-01,3.272272578609484728e-01,-5.109740310144056906e-03
1.634908048750217946e-01,1.144110936945005874e-01,3.918257155372992795e-01,8.286074603267112870e-02,6.541176274839732852e-02,-4.091187091294221645e-01,2.332387728197518259e-02,-3.173922924567327275e-01,-1.656271253893483730e-01,1.397987537664704405e-01
-6.698772176121681188e-02,4.182913254925930691e-01,-2.440360270532075382e-01,1.989818093359588813e-01,3.086375020714927642e-01,-4.182306219221162413e-01,-2.540568557869862243e-01,-7.240778230552568084e-01,-3.205034023817171507e-01,2.309431606007413262e-01
1.346914914985103962e-01,-7.272912672274725598e-02,3.167957923940644127e-01,3.279021026947585571e-01,9.884758234815160804e-03,-4.628041603231872747e-01,-2.529579674633185005e-01,3.035606944018883757e-01,-1.813676622343862177e-01,-1.037451044372636882e-01
-2.301271248399842928e-01,-7.125048694351147904e-02,-1.602013395008677343e-01,1.382815043142433531e-01,-1.579253536760513027e-02,-4.384703506889129354e-01,-7.536871321404235713e-02,-1.341099943847378073e-01,-1.683610080510646312e-01,2.338125761084374754e-01
-1.990881865911252324e-01,-5.203228663311732644e-02,-6.315107470856039518e-01,1.758494367837426520e-01,-1.113619510708726695e-01,-4.932762904593981368e-01,2.870760475678589899e-02,1.682410478100057616e-01,-5.508031846331247483e-02,-2.849933170500052945e-02
-1.965703279513054957e-01,1.049451096064987765e-01,-2.313452079229697533e-01,2.367877275107283241e-01,2.009665822247098943e-01,-1.754452027810680381e-01,1.748633068430239523e-01,-4.614083229552794485e-01,1.804663520102166574e-01,9.736242269507398850e-02
-2.440033799225673483e-01,3.221211882442397145e-02,-2.166741916868190621e-01,1.993086161844659920e-01,-4.086926782723185325e-02,-6.005196548216557018e-01,-2.616919832342800567e-01,-6.652996585090696809e-03,-4.732334208015140375e-01,3.759618803564250822e-01
-1.633058267939466457e-01,-1.053743559425959486e-01,-7.233606695597313840e-02,2.415620552090357587e-01,5.668773646901342778e-02,-3.075889721163739265e-01,-8.888152570122727358e-02,3.227952191511545416e-02,-2.921028690178825715e-01,-3.017973538205078951e-02
-1.331502647306227749e-01,1.997348037002522492e-03,-5.837599742358633437e-01,3.837313069526601672e-02,-1.053401671825229952e-01,-9.875572667392405746e-02,-3.806357587227462980e-02,-6.351224573455092892e-02,-2.725580209017948174e-01,1.363457905026644323e-01
-2.460852847145829914e-01,1.364179880455849425e-01,1.498434329610298654e-01,8.789389313989941221e-02,1.783876775841420070e-01,-1.271232842354385328e-01,-2.757998854834500455e-02,-6.860412429307420623e-02,-7.050778914908605033e-02,2.369895137861187662e-01
4.728682828753585227e-02,1.033624204580677886e-01,-8.904919794999177629e-02,-1.142168272070437779e-01,5.362626742909257227e-02,-2.523592953023099938e-01,-1.506948840466716399e-01,3.849100654372854535e-01,-2.240439527837478906e-01,6.821643188673996716e-02
1.142526462495999373e-01,6.291033097148281128e-02,-8.579028114489931078e-02,8.093062438163330097e-02,-9.466367206571356385e-02,-1.493563812558399984e-01,-6.017746079158111522e-02,2.814642424282274777e-02,-1.205515064702924327e-01,3.292540754198801378e-02
-8.976662814912137606e-03,-4.222383623104981609e-01,4.441445128032476264e-01,2.656305651088845532e-01,1.339027476139149075e-01,-2.271592762614963734e-01,2.610388282573517307e-02,5.485136940652380888e-01,-1.796374449342217350e-01,4.805517157599394351e-01
1.457905432094524535e-02,5.043980825428655973e-02,-1.597687392704397538e-02,2.755203948410054338e-01,9.767257216716808410e-02,-4.964617012884362524e-01,9.851192227704997154e-03,5.413434540166796038e-01,1.439689580025132476e-01,4.163866561130965538e-01
1.501720672917561672e-01,5.303271871925411413e-02,1.836004332711513864e-01,5.960700727474561866e-02,2.070190421907837641e-01,-8.721956650819008561e-02,1.074017583323842034e-01,-6.821809616123218623e-02,2.118613564902985247e-01,-3.861246499297410484e-02
3.380038480487515540e-01,6.373440379875152662e-01,4.937051024363865448e-01,-7.506267850257065943e-02,1.671704525474672354e-01,5.521431060342840355e-03,-6.383646556337942146e-02,-2.089763491212209487e-02,-2.337894349551537451e-02,1.518784553172132235e-01
7.727762985119795980e-02,3.946577138445789279e-01,3.071486568240330145e-02,-5.473942658739860967e-02,6.511218058153782351e-02,-2.553941690521436825e-01,9.706383578194402798e-03,2.964487474058061789e-01,-6.690199568389764151e-01,3.053839709574600932e-03
6.171011688215655155e-02,-1.318941602852549133e-01,1.463309000295722195e-01,-6.057482674455953731e-02,7.031055058407430225e-02,-4.176844005070077248e-01,-4.933672286531205764e-02,-2.651462635428583070e-01,-6.508911921766410424e-01,3.078653741324878235e-01
1.060370837086516971e-01,-4.553736758126586404e-01,-1.256084601624476715e-01,1.828760995300727776e-01,1.339548539721700793e-01,2.963712944812993324e-03,-2.208564742948423698e-01,2.357677816532675608e-01,-1.017266167760623036e-01,-2.266211660509193648e-01
-1.043268171231208907e-01,-4.342993488693701609e-01,-4.577203361572798057e-01,-8.489503023376257507e-02,1.133294347145705899e-01,5.640658971047023129e-02,1.179874954301479290e-01,-4.392805936084700352e-02,-4.237422371621297340e-02,-1.452615216669944087e-01
-2.547051479454917611e-01,9.366515039136993903e-02,-6.575601886250989070e-01,-1.471062916435463275e-01,2.007136373483533187e-01,3.612688623973411284e-01,-8.600295503439549238e-02,1.092482831989221442e-01,-3.001116809657739526e-01,-8.331919791172838485e-02
-2.024556263936845568e-01,1.852070754133199881e-01,-6.728738244475073182e-01,8.192294297985923401e-02,-5.645326174906459271e-02,-2.094177076714716368e-01,-1.945820321848370019e-02,-8.158745778451600428e-01,-2.287407606358184409e-01,-2.202386389957198057e-02
-1.349315794640092714e-01,-4.157573885384283630e-01,-7.283934961681407527e-01,2.205196921693295953e-01,2.192230710275751837e-01,-6.181844396908723338e-01,-3.056960733376333783e-01,-1.649248306470696077e-02,-2.143371024556059434e-01,9.529746813653955373e-03
2.598759595992073956e-01,1.620897294584087642e-02,-3.900413274918295148e-01,3.944937021175292519e-02,-1.506812848955350614e-01,-3.745377405603159682e-01,-1.623974651183352214e-01,1.014173455715062372e-01,-1.772376733339913954e-02,1.235707726145989921e-01
-1.608563895761632445e-01,4.683137849311874018e-02,-9.965833330550163960e-02,5.385848402454010420e-02,-1.061480879146601240e-02,-2.023100325647803344e-01,-5.601597955710099080e-02,5.319399251467911149e-01,3.972476781226959019e-01,3.844494725493279724e-02
-3.518714135774994589e-01,-2.487606002791133697e-01,-1.262545670487843497e-01,1.420517263134226105e-01,-1.396953890719754010e-01,-3.863627407283032333e-01,-1.240386700866212139e-01,-2.022276542937176402e-01,-8.383884751220366249e-02,4.889849686064773326e-01
-6.685215116425225574e-04,2.410091638580416362e-01,4.362556653018583308e-01,9.215794022040303679e-02,1.960230661999209090e-01,-4.877045099118823002e-01,-8.061773461239617189e-02,-1.104495795886378529e-01,1.449325497827932963e-01,1.322990089469203157e-01
1.892881202250756567e-01,5.005690580665717038e-01,4.315418460499895748e-01,-6.846073779454571462e-02,-1.285265819865550885e-01,-4.044344489080030636e-01,-9.000816813986244058e-02,4.351766868304318692e-01,2.021493438660887376e-01,2.959036008346775937e-01
1.372970350161345221e-01,2.386905268736859431e-01,5.057748796811338821e-01,1.637439289406593390e-01,-3.738741287148088926e-02,-2.460002999869469187e-01,-1.071880078090708815e-01,3.175261582368541502e-01,-4.292811903665907231e-02,2.793795297030752037e-02
4.558179076635597293e-01,4.017491084067446039e-01,3.628189140502797727e-01,7.217539281975340892e-02,1.738913108030223642e-01,-2.988626794888840088e-01,-1.055968407322315089e-01,3.779736850315069674e-01,7.586610400585303005e-02,1.540126616780325697e-01
2.419182772320837282e-01,2.894334635679293166e-01,-2.159223391242474574e-02,9.763563461009432121e-02,2.424519664265524510e-01,6.126310141516625590e-02,-4.076842266262425962e-02,1.888764373588288636e-01,-2.043101694011446035e-01,1.405236775580700481e-01
1.550706588601059310e-01,1.831188963033890671e-01,1.733861127130955637e-01,-1.119322045457084858e-01,1.136254510854927541e-01,-4.604407086780967079e-02,-2.557805341005893185e-01,2.456747349323527008e-01,-9.247218194127286572e-02,2.161070148796212509e-01
-1.965458705238098125e-01,3.059908186929263252e-01,1.741083569879903203e-01,8.256647868908430221e-02,-1.687577575636293459e-01,-6.743061403007305499e-01,5.139105903247211116e-02,3.168822573455986058e-01,-6.327957895437125169e-01,9.403857255688230499e-01
2.474301208938456675e-01,1.308057174271576861e-01,-2.172586210490510816e-01,1.836689862954665187e-01,1.582620350316408520e-01,-4.802330392923380709e-01,-3.339944882728487219e-01,4.606534693859080237e-02,-5.976465624158681100e-01,4.903680144663935536e-01
-7.533551357813153548e-02,-3.005487257619071650e-01,-5.912526941386927470e-01,1.129536815030719316e-01,2.992790454523148735e-01,-2.894569518880001358e-01,-1.847002871906544275e-01,3.478288961176297933e-01,6.023304924696484472e-03,7.866866720401503865e-02
-4.649028918150615586e-01,-4.288699987360473642e-01,-9.603348326376298649e-01,1.298323013233392831e-01,-3.541122461986398462e-02,7.019630414142424835e-01,1.345888641690110299e-01,-3.027676332256706848e-01,-2.280913045306440234e-01,-1.804388862502621649e-01
-1.277900230964385542e-01,2.383784521244961263e-01,-4.735011743051972255e-01,-1.167714200216776882e-01,-1.694243148507506846e-01,4.029264278035307179e-01,-3.825115172456510643e-02,-2.957129011206847125e-01,6.493245063535661721e-02,-1.699923981318550159e-01
9.261601688980347982e-03,-1.291827640075041972e-01,-4.570253069907344035e-01,1.573359523206364075e-01,5.335771477025966908e-03,4.139066826201176497e-01,-1.702259868810626076e-01,-1.531324583640907289e-01,-1.949807917939468394e-01,-1.883345711941604161e-01
1.072992170641425859e-02,1.711299663606143939e-01,-8.962406647300594775e-01,-1.848149330609978602e-02,1.835362387657860361e-01,6.149458593788577065e-01,-1.047357298714603896e-01,-1.614520596817712456e-02,1.344808725411158479e-01,-2.553344320356269459e-01
-6.953716692881625749e-02,-2.085869064057411792e-01,-2.192075592615971291e-01,-1.254801385774285682e-01,1.812939151570509833e-01,-6.692983005270188024e-02,-2.441048097946217979e-02,2.609827547265924572e-02,-1.045657264795101654e-01,-2.729540974333246051e-01
-2.330734496085754837e-01,-1.040062721373391508e-01,-4.876723702737192356e-01,-2.378181449006158341e-02,1.259990294439244374e-01,-6.400550473814743679e-02,1.466241484270547901e-01,1.635058799229309190e-01,-2.394296172838060455e-01,4.225026672814121698e-01
-3.740919964306863021e-01,-1.979249746857718317e-01,-8.262524834940560003e-02,7.348523395703630834e-02,6.397519461897664683e-02,-4.653518092970054809e-01,1.712987912022307102e-01,-4.261223608713605726e-01,-1.010362669382063455e-01,5.014585591308090562e-01
-6.878373630938852679e-02,5.203306145043784525e-01,5.133152879041150696e-01,-3.697987259391247866e-02,4.497359894748401490e-03,2.103809743317657244e-01,-1.146505557332725828e-01,-4.810042830537730740e-01,2.300000484808408796e-01,5.811753485044590661e-01
1.690669377527158901e-01,9.251658410501926166e-01,4.779687776186665182e-01,4.142970145171780139e-02,9.325450129759287055e-02,-3.267220800764896182e-01,1.874284461210505570e-02,-2.771725886068698852e-01,2.330430407532129711e-01,3.605678901137692183e-01
4.336473749798302468e-01,4.381057907996102063e-01,9.341417894547605558e-03,-4.178947476143077266e-02,2.144875560781519808e-01,-3.995351133818760836e-01,-1.273962810785050914e-01,3.258347028757273556e-01,5.597735598776372445e-02,-5.120289336844294908e-02
2.451309414763148398e-01,4.633776557252456962e-01,-2.881864339858958290e-01,4.955995333836188399e-02,1.187397681331176374e-01,-8.547714578948327757e-01,-1.509485070862216227e-01,7.523165793830544068e-02,-1.334033865864612256e-01,4.331421983314672763e-01
6.971433368612517389e-02,1.524720271172997910e-01,3.311740205430552253e-01,1.777106967217650380e-01,7.397044321485750362e-02,-2.755255921371635441e-01,-2.009238371216298391e-01,-4.375795542588991616e-01,-3.995152882079622270e-01,4.045078180006576041e-01
6.271849395473054825e-03,1.595374091939632810e-01,2.337761481431716373e-02,1.804717629820437041e-01,-1.004309055501542286e-01,-4.818709129245833667e-03,-1.633886727933519245e-01,4.245380829708083059e-01,-1.783364435079130561e-01,5.264842837705532297e-01
1.557783269372754187e-01,-2.131798493651711479e-01,-2.094668243560114940e-01,1.197904395712664077e-01,-1.166044965021077323e-01,-4.458127329047747445e-01,9.080230646437804226e-03,1.959915468835259356e-01,-6.993698741686432685e-01,7.426584653170973382e-01
3.629806618100483995e-02,-9.479647094848447919e-02,-3.757553366142987183e-01,1.027600669350864013e-02,2.323120530579876053e-01,-2.190289406680290540e-01,-8.456670136826559270e-02,3.399572445940789861e-02,-3.543400005161572164e-01,2.806902030683050553e-01
-9.596538851872557507e-02,-2.787459688526925383e-01,-6.835593113190613357e-01,-1.220550672323915953e-01,5.857925713809911811e-02,-1.105132101685722505e-02,6.734641914195851377e-03,1.888036980996605704e-02,7.441109973970892744e-02,5.177758109974097550e-02
-8.963388659597826269e-02,-1.369616587222546311e-01,-1.119536689327640611e+00,4.183135363421638941e-02,-3.330867271177823108e-02,1.457050309450475534e-01,-2.230328786026987420e-01,-4.896088140131401589e-01,7.814076234369525531e-02,-1.567002777839182626e-01
-7.166220416566482232e-02,4.277726176969434135e-01,-3.696295330944970869e-01,1.125266545327075485e-01,-1.129050768516837394e-04,1.730254186752972212e-01,2.148598089591069737e-01,-4.625486056922097911e-01,1.590269201061475512e-01,3.598113537162435094e-01
-2.389231134614116236e-01,-2.035514758849841788e-01,-9.934398374382368280e-01,1.463681744664224738e-01,2.443349506568459895e-01,7.796095723092238972e-01,-9.882659654844065666e-02,-2.054169999329519269e-01,1.627123765641008135e-01,-2.875584277423458377e-03
5.507330897795736924e-02,4.166164830369311067e-01,-7.758180634846622015e-01,-1.666618738566177232e-02,2.153950192213657522e-01,-9.256253001860482998e-02,-3.740793531872843580e-02,-2.003199884686748256e-01,-6.065749027674124244e-02,1.685145771545712434e-01
6.626879392721343742e-02,-7.325867199137282848e-02,-3.411669170001619955e-01,1.092234640095858522e-01,2.397452788837601406e-02,5.652693228284021432e-01,8.348233475835482864e-02,-5.237032086342863213e-01,-1.892934145656197456e-02,-1.610787032030140953e-01
-3.608945259198807487e-01,-3.495705685912615657e-01,3.139824922801240925e-01,3.698632708435567462e-02,-1.127023188142374371e-01,-3.362621111748622660e-01,1.814273504870956566e-01,-4.138759113677406010e-01,-3.651155495436388954e-01,1.607584353879559780e-01
9.081730142445471055e-02,5.866048061209849090e-02,-4.244952833029138478e-02,-4.180949924688016905e-02,1.735723678551536475e-01,-9.598457263879842365e-04,-1.485885739365270519e-01,-4.813431692055444300e-01,-1.022384084092243378e-01,9.734498282195329366e-02
1.517222890837028049e-01,9.174074785593847037e-02,4.785727608538847128e-02,-1.074538884639472018e-03,-4.294741540192748008e-02,-7.362371332348072173e-02,6.181381151355342524e-02,-2.558799629626815619e-01,9.079865759507578515e-02,2.313641159760594368e-01
8.959522390933691294e-02,1.275136034738051649e-01,1.602681583677239563e-01,1.624692615296484677e-01,-1.910236347931115741e-02,-4.516467467799780700e-01,-1.787224585323179127e-01,-3.351362675011106962e-01,-2.448359615910743470e-01,1.646569609053845085e-01
3.526508677357132328e-04,-2.939010063956163377e-01,5.190471714926013780e-01,-8.497156878903756871e-02,2.862096808499863254e-01,-3.293329057559305495e-01,4.464640875450975183e-02,2.601915858516692381e-01,-2.582632795942553239e-01,-1.301758195322147982e-01
3.518490131627051709e-01,1.048179212698363838e-01,-9.978509381109956777e-02,-9.245613518259386543e-02,1.455928232385791943e-01,-5.109661448234669168e-01,1.566464731420784406e-02,-1.473945616268870218e-01,5.701966127317211613e-02,-1.462421315513251496e-01
1.265347445628355050e-01,1.864221008532316315e-01,2.395090215451065596e-01,3.320656515059013797e-02,-2.788739036971570051e-02,1.632439955382400942e-01,3.274095713334014557e-02,-8.804214606190592374e-01,-2.719753935713217774e-01,2.162019925053439984e-01
9.467687124553150757e-02,2.742752243119351840e-01,-2.088964937501328056e-01,6.294205680830464167e-02,-1.281106465860891441e-01,-1.762215864233437901e-01,-6.231245030393527812e-03,5.440840117218173067e-01,-3.477010892107794127e-01,-1.532718252630336786e-01
8.500992369232082679e-02,-3.129882360939924280e-02,-8.902222867007193452e-01,1.381502165847003361e-01,-1.438593565869912896e-02,1.295980005013844527e-01,-1.757776058224986004e-01,2.024057060878863348e-02,-6.752133499311324671e-01,2.279127715789782682e-01
3.373117519678390380e-02,-2.472498114565709337e-01,-4.414378176365709588e-02,2.107300364332053144e-01,2.083358232012532396e-01,3.162347765959495297e-03,-2.093018306512353377e-01,3.639762988296756374e-01,4.784081174711060647e-02,-2.617906409197767181e-01
-9.239688920391739280e-02,5.875947747055184495e-02,-7.395901316445784301e-01,-3.245786289761810883e-02,-5.080792275333738395e-02,-1.546953568259539641e-02,7.867898245923659814e-03,-1.260350824980720763e-01,1.561266704626321222e-01,2.993833804046271974e-01
1.127865692391654406e-01,4.187891850714365455e-02,-4.385644118591790486e-01,1.085033329941966079e-01,8.748503966550676136e-02,1.459385119511142151e-02,-8.189515428014755571e-02,-5.075843766394069062e-02,1.360680354785769874e-01,2.731056143751279253e-01
-9.957383335434605298e-02,-2.495713528870140419e-01,-3.875496228211064986e-01,-4.131084904532378310e-02,-1.937544460512673761e-01,8.447869691696417715e-02,-4.366267582565759586e-02,-1.236384520537430615e-01,-1.523963457275326894e-01,4.063732752568250950e-01
-1.000492897638186052e-01,1.021263902263403467e-01,-4.228219813906107793e-01,-8.588117336700565319e-02,-2.000196872863782838e-01,2.098988312046818905e-01,-6.339624982067736114e-02,-5.624829276335394646e-01,4.480910837475611808e-01,7.615813055308341684e-02
-3.102904413274682471e-01,3.734528646067296620e-01,1.077839491364360885e-02,-6.508136699586454174e-03,9.967532794705415145e-02,-1.466238488946214058e-01,-2.019972319482275791e-01,-6.096214845476087829e-01,-6.398960166441113040e-03,-2.438252424856318309e-02
-1.411550499166525918e-01,2.166748858834157687e-01,-3.142085213691812040e-01,-2.154008376121674950e-01,2.483314510054115409e-01,3.100653846171690931e-01,1.754307841720048958e-02,-9.485819409693244664e-01,-1.260534372180721896e-01,1.487090666142476883e-02
6.511636113601644571e-02,-3.770070266587541852e-01,2.784881288000335409e-01,1.648975658256087449e-03,1.693651684760132670e-01,3.204259628292099871e-01,-2.313565585279668199e-02,-7.176087504764696590e-01,-1.813351086264183842e-01,8.727940707692051492e-02
6.496207264936021408e-02,4.215906438078540486e-01,5.419188675203795436e-01,3.722618579468084388e-02,2.291568417533854651e-01,-2.172847928214960700e-01,-2.629882905333707013e-02,7.647277804667095003e-02,-2.024404917295771766e-01,6.911365483224836403e-02
-8.752939489881314539e-02,4.927601347586166858e-01,2.379877045918294409e-01,-1.860629860142986591e-01,8.170501439146170275e-02,2.126617598922810881e-01,-2.103068271856903537e-01,-2.350783398681217107e-01,-8.699233407509231186e-02,2.088534010872811209e-01
1.152213095619234462e-01,-2.358882135763944454e-01,6.371486238175200212e-01,4.491362645611488014e-02,9.059425710452816138e-02,-5.738249512266020702e-02,-1.037337636345355002e-01,-3.794825362063033447e-01,-1.929422063473801852e-01,-2.633494071019009675e-01
9.628687849653314035e-02,-1.321723375049296267e-01,5.032868622920900759e-01,-1.897839420031303681e-01,1.448953372695977737e-01,-1.187810465237282426e-01,1.543715566735102095e-02,-4.358089862096072853e-01,1.782635421237859785e-01,-1.164543790928375816e-01
1.332795926600038039e-01,-5.667240084525416305e-02,2.163764970511259517e-02,1.824283026739884628e-01,-7.685864901317761289e-02,4.141705839306537573e-01,-1.458520265882708722e-01,-6.008454586905885852e-01,-8.482722837627139356e-02,-4.758433701754531675e-02
2.395151809356148853e-01,4.164295412949624575e-01,2.664647572524711516e-01,1.644445769782069133e-01,7.822421111803233573e-02,-1.727364380258002499e-02,1.605553503364571255e-01,-3.244879391688669790e-01,1.145730156623270962e-01,3.345821159542012539e-03
2.083773432138380788e-01,-2.715934761012708254e-01,-2.460968496891957069e-01,1.341549764740507245e-01,6.426124673677820198e-02,-3.291152016880588560e-01,-1.174157130760332263e-01,-3.608492719957087091e-01,-3.169735733156290869e-01,-2.087645487859512428e-01
-3.148269169546972363e-02,-5.207231479013430669e-02,7.471388418334148906e-02,2.536547381910647658e-01,1.248825745778671115e-01,4.523258803170837616e-01,-5.003938217020242191e-02,9.415257868579723910e-02,-4.841196705945121637e-01,3.385408872343648179e-01
1.785013463513906717e-01,-8.759876958801274260e-02,-3.285246594864940084e-01,1.960586646608542330e-02,4.382826299029710104e-02,-1.300830112128986138e-01,-2.875146951342902879e-01,4.510171739529748036e-01,-3.000880809659237092e-01,5.602080968870220001e-01
-1.656464382516906544e-02,-1.585982099355386782e-02,-4.992170564072895833e-01,1.675300306463181066e-01,-4.978601747418485990e-02,3.067187474572468098e-01,-1.421025691519580136e-01,1.449503689028907027e-01,3.972109479690389966e-01,-1.124112487416077250e-01
3.158442753821856085e-03,-1.855289618096430393e-01,-5.511849750254799174e-01,9.310806561494575084e-02,1.183325381050303743e-01,-7.612756089471568732e-02,-2.751431096907767659e-01,1.845576518359703377e-01,1.905938641668594724e-01,-2.323728377234232645e-01
1.292130007078144127e-01,4.771866810011526905e-01,-1.083534206528301569e-01,-9.695166998787603518e-02,1.511741114629211180e-01,-1.928525428902116146e-01,-2.682804622627517066e-01,-1.079896735960290954e-01,2.308853276463294635e-01,-3.120746864858197078e-01
-4.675928324707406131e-02,-1.036207502904599453e-01,9.065288433316875949e-02,-1.515464398700486492e-01,-6.521773813092238137e-02,-4.697332233838157414e-03,1.347341786533003682e-01,1.564875096724074877e-02,-1.505764332365363556e-01,-1.199468746337720854e-02
-1.417198432021352372e-01,-2.925260001359292206e-01,5.007315550183117914e-01,-1.626990722615766216e-02,4.062869729541780661e-02,-1.893276728823719834e-01,-2.331934896067573704e-01,-9.555493484557298078e-02,-1.112308619122610448e-01,4.355837685114173352e-01
-3.178181291312427992e-01,2.816879342304863254e-01,3.221066879366129010e-01,-2.051845071823833050e-02,1.457778467865743777e-01,2.581061800901460201e-01,1.807415521910168132e-01,-4.941367418788760180e-01,-3.543548379117535396e-01,5.736059615999443417e-02
-6.549211450559172532e-02,5.858316298558083890e-01,2.841321893601705950e-01,-8.483063988266800748e-02,-8.849632098442429540e-02,2.414687685207983492e-01,8.006684738186288508e-02,-7.399627850553908148e-01,1.794083631012223790e-01,-3.979973352502658157e-01
-1.944285102485601435e-01,1.264694567629759958e-01,3.849489983180733876e-01,1.479052539825650159e-01,1.063336917385879071e-01,5.471955025930023142e-01,7.786861752989994445e-02,-2.827884003139303701e-02,1.459171473249367967e-01,5.005073586136077335e-02
-2.746468332114015976e-01,5.801372441092570408e-03,7.292483871675622398e-01,1.001434010402163510e-02,1.017439963883375181e-01,2.585559518225845066e-01,-5.233848544585290030e-02,-3.519345481236714202e-01,2.157196401159793692e-02,1.328407529941129650e-01
1.862097160512771465e-01,3.510012276624568939e-01,1.996414041456067712e-01,-1.038290772572009607e-01,1.936719197610786980e-01,2.525537962992054353e-01,7.912278772105967029e-02,-7.383550096235472759e-01,-1.066166776592815252e-01,-8.632542876539971155e-02
9.663935042381840979e-02,2.020424080526440069e-01,-4.741041371910890145e-01,1.479518696145932510e-01,2.225903546722930726e-01,4.463630628353495999e-01,-1.431738077358626071e-01,-6.425032818452219852e-01,1.193038574822281456e-01,-3.736820721491458663e-02
1.645356251568390882e-01,7.434084177584676656e-01,1.577955756449346200e-02,-3.656731250253802967e-02,1.202756497594024837e-01,-3.621772089992387755e-01,-7.590520729187182070e-02,4.953223042106837809e-02,5.252417157909735485e-02,2.752077302822331095e-01
1.109311688622120762e-01,4.277324958204790223e-02,3.476262122582664954e-02,2.711691496262770840e-01,-1.706421236751845816e-01,1.892763402049385257e-01,-6.414520288744850196e-02,-4.184979360185855368e-01,4.103480198949558400e-01,2.534422065510022123e-02
2.890389891523484356e-01,8.068159667833894877e-02,-2.512011600033311476e-01,-6.014336089647283334e-02,4.823144487716332640e-02,2.596470334006826045e-02,1.388353646583972457e-02,-6.796220843835628633e-01,2.992766031160612461e-01,-2.394836663401047616e-01
2.300108328281127157e-01,-9.799207148279717727e-02,2.298835777406645908e-01,-8.588556937260348467e-02,1.725681043919311264e-01,-2.352168983583803608e-01,-2.209529972362032912e-01,-1.032012390543173425e-01,1.189459985754773436e-01,2.503195757371970975e-01
1.823529347959128299e-01,1.140326488680924177e-01,-2.452509234203684163e-01,1.016418776207978630e-01,1.126166093398790619e-01,-2.963039573771460988e-01,-2.644312079678933225e-01,-7.274224650062269260e-02,1.705558745745495153e-01,3.001608361325668328e-01
2.925521079716447703e-01,-2.258492331719731405e-01,-1.329403721062776267e-01,-1.225595968187175901e-02,2.451472774707390556e-01,4.253139020967331430e-01,-2.330580109272243072e-01,4.416962389147068846e-01,3.867352325407983904e-01,-4.185632450956556783e-01
-2.854165842747043991e-01,-2.307310803738700788e-01,-6.273365576228210339e-01,8.631756180472369144e-02,-1.417857632997159556e-01,6.082663561086999460e-01,-4.810485591655212778e-02,8.450805578474290813e-01,3.589962444541212050e-01,-9.918192336592597524e-02
-1.301213166901526164e-01,2.289902887151892552e-01,4.364452548611687938e-02,-1.634757896834220653e-02,1.815813359053690401e-01,1.434577478488608115e-01,1.581610805883163773e-01,2.541049241196656136e-02,2.346716654988357815e-03,-3.296270867434352159e-01
-1.521646506873511606e-01,-2.098293503416832073e-01,3.187487713565538838e-01,1.871409678427739948e-02,1.523177056715125099e-01,-4.233675936402139239e-01,1.612797532973998804e-01,-1.306426641163921099e-01,1.904163340593700848e-01,-1.325146018023600977e-02
7.922155972095371035e-02,-2.682982356698326853e-01,6.071143085097063796e-01,-1.060138756339384508e-01,1.103175229599525770e-01,2.212538138893010153e-01,-7.276625007430462602e-03,-1.492176381150894793e-01,1.184532317862739409e-01,-3.577968610895990165e-02
-1.998130408036710437e-01,-2.728637264774616197e-02,4.773704861587777515e-01,-6.464851702569293646e-02,-1.920392037830682408e-01,1.139950348842857647e-01,-9.251289603857652810e-02,-5.388028737728789430e-01,2.174665562659003903e-01,2.950904316972066121e-01
-4.070213672124645687e-01,-4.829782134683768824e-01,4.696336957038967780e-02,-1.334658717656226345e-01,-1.975432277891035759e-01,4.533864268004783593e-01,1.230820409357401583e-03,-5.587538509916412099e-01,4.261605947971748298e-01,2.945202462210902983e-01
-4.853925859007031385e-02,-3.228718755530893825e-01,6.126450974601035382e-01,-1.007325855862849645e-01,1.031464073279619170e-01,3.190922303850823177e-02,-7.730378777234379883e-02,-6.822656722391359230e-01,4.214562916023408268e-01,5.150796730932348799e-01
2.098513368468110929e-01,-3.531371522061542700e-01,4.968043184845543081e-01,-8.593393423731539305e-02,-1.381123572932282662e-01,-3.213056039066144454e-01,1.229968173936869386e-01,2.530016273434738117e-01,1.851535519696027032e-01,2.841863617370721240e-01
-8.172727096490775556e-02,3.374785836748375040e-02,3.221310067173317471e-01,-2.414923594613806734e-01,2.321901909266083780e-02,4.429774190130360001e-01,-1.410720789193781188e-01,-4.989937672538168334e-01,1.879318857887563032e-01,-3.581741367335196102e-01
-1.620732409454231082e-01,-2.091796125437699883e-01,-1.667519825499061970e-01,-8.980856043998521054e-02,1.944338822948618317e-01,-1.271232671161574013e-01,-9.172328366661507137e-03,6.003527332311352910e-02,4.671407071760396157e-01,-9.037985528328236484e-02
8.792992690248174759e-02,2.941247772706856445e-01,3.624573344967448874e-01,-6.964129688480920344e-02,1.159868337617696171e-01,-2.239566403278411000e-01,9.468300876668452049e-02,-3.860758235651023246e-02,9.648421824597670782e-02,2.295969207387564895e-02
2.026832942852966057e-01,3.296331881725632629e-01,3.551265755521352263e-01,-5.884319868848471302e-02,1.481686880104587101e-01,4.018100004521504287e-01,-2.649483817024791410e-01,-5.893619195480492845e-01,4.532298163655596596e-02,1.862151877824559376e-01
-9.196559290853548174e-02,8.147774257016000554e-01,-8.917914138348806419e-02,6.744163721725900118e-02,-1.151194447840838825e-01,8.933831873337071128e-02,8.288690003675373841e-02,7.884336467478303412e-02,6.572054189455366346e-01,2.100684678289155283e-01
3.290388150395649053e-02,4.064683021663689777e-01,-1.257455468297999923e-01,2.838939534965027531e-02,-1.204948660199138960e-01,1.560378792235762591e-01,9.901274193809360413e-02,3.534746334087042197e-01,-1.233976583210690814e-01,2.366035976048690981e-01
-7.725422532793052577e-02,-1.216850574666809848e-01,-8.355682831987168435e-02,2.884912039871778133e-01,2.468574591068529722e-01,1.092829070231063487e-01,-7.533064365146371812e-04,-6.817392428222571361e-03,8.068559848364151299e-02,1.462006917845514731e-01
-2.138529549683962083e-01,-5.140125922878597819e-01,-2.859431478036634777e-01,6.336088430319300469e-02,-1.368516035567776332e-02,1.076126049522944245e-01,2.483906787931383989e-02,6.686802412778813931e-01,6.505270150420033870e-02,-6.531966580747990136e-02
-1.257078858085350914e-01,-8.008553912712028655e-01,-2.255589223399755150e-02,-6.470182344907049465e-02,1.319370154102576798e-01,4.594043789345835238e-01,-1.031375128129681656e-01,1.184815791742443114e+00,6.030353671268136144e-03,6.395705449506404981e-03
-2.258851996402741757e-01,-4.108860987940271547e-01,4.901308649739614109e-01,9.826809601990188492e-02,8.988716235511061414e-02,-3.637899507113991904e-01,1.509795341586238349e-01,8.889163710587355549e-01,3.094967858322968945e-01,-1.483393807340674386e-01
3.975288765814634362e-02,-1.600234978199032709e-01,2.385386803338052641e-01,2.296702058217845177e-01,-4.084651467954455994e-02,6.135842956165751816e-02,-1.814983747279371937e-02,2.953350331477287982e-01,-1.239361016382392322e-01,-1.040530107906262464e-01
-2.191848382489325620e-01,1.187638733412836600e-02,3.635481827140560895e-01,-1.640295019964670142e-01,3.359743696609444191e-02,1.053881323124919861e-01,5.637520193146636216e-02,-5.023139165516080640e-01,3.268435435117422738e-01,-1.866562987845732380e-01
1.761082635986103637e-02,-4.046388930477491375e-01,2.381471937200002522e-03,-9.420065670567857874e-02,1.621053380308528635e-01,7.053837916785564710e-01,1.155085196479719266e-02,-5.799179408874538533e-01,5.939873531272855667e-01,2.774172511328183988e-01
2.127444524649188262e-01,-1.096466729676778551e-01,-5.162262943135639132e-02,5.972373520976237415e-02,-1.338994061009558291e-02,-7.161680367470767139e-02,2.129489219857985949e-01,-4.294448422449075320e-01,3.401825235693297644e-01,-5.180247879363801544e-02
-2.018685538353149830e-02,-1.276034587122537867e-01,5.521505893056214420e-01,9.317612352756986238e-02,1.507775126665628351e-01,-4.309953684767748872e-01,1.184277005390277498e-01,-3.081995374038377922e-02,4.379343924691852519e-01,-1.981145336079724872e-01
1.534930174144304715e-01,-2.388771448793368824e-03,2.145090993820979453e-01,1.162278399172779475e-01,-3.926234077962716118e-02,-3.625157703446054702e-01,-1.644748111569961369e-01,4.710265607599297549e-02,-1.608218270973535771e-02,6.086858389432468069e-02
-4.917921006146825681e-03,4.197121465409074936e-01,1.044091349023968940e-01,1.436916227731081519e-01,-7.222218227087894016e-02,-2.185427363767399045e-01,-1.635588413557726925e-02,-7.185014388829003007e-01,4.937909412265942960e-02,-1.819579735406226528e-01
-3.908929443080549210e-02,1.121387877454378124e-01,3.466712521065890007e-01,2.091585844368565317e-01,1.501160480141990224e-02,-2.231015506735267717e-01,-1.549372870621384679e-01,-3.972939219678689460e-01,2.804637484092050714e-01,5.740393701624848383e-02
-8.154067538848067120e-02,-2.814702856819625287e-01,9.525188166154306968e-01,4.416930102144870501e-02,1.886499244114178131e-01,-1.761173579756775132e-03,-9.671159518999648819e-02,-2.560929898671594485e-01,1.490701075309942836e-02,3.573142185045343755e-01
1.283469107740815018e-01,-2.000806198233480160e-01,-2.329372740473911185e-01,1.390307766955117541e-01,2.229316480716691806e-01,5.334161529465978324e-01,-3.318288477211885079e-02,7.035769677110657871e-02,3.155525201790951306e-01,1.019995581596506301e-01
-2.063098506462746895e-01,5.271415609091930632e-01,1.508811945246172903e-01,7.460016703954824857e-02,6.586836325285606863e-02,2.637214309259907630e-01,-1.119927333818804133e-01,2.509584807843997512e-01,-8.314844363554901863e-02,4.418130333205380067e-01
-6.972822301890788110e-02,9.846372419946081145e-02,3.529097455049279991e-02,4.038978167989650675e-02,-5.230337006872944755e-03,1.969835795438023562e-01,1.216294679523852867e-01,2.334755360999281049e-01,2.303711912432377176e-02,2.267698333482923712e-01
2.240331391087352630e-01,3.619612580346110997e-01,-1.155305145478822959e-01,3.442054542431882691e-02,-7.056260598679951757e-02,3.728829654622360656e-02,-1.388417072381533668e-01,1.350851960286651443e-01,-2.481670158212194791e-02,3.681930996003061896e-02
-1.187053481898170436e-03,-2.205816519845066603e-01,-9.581337282805646449e-02,4.779028542402968815e-02,3.068152654884791913e-02,5.022704315898025573e-01,1.398570812203328850e-01,3.837925989876357358e-01,4.792482465889931209e-01,2.618243064930793618e-01
-2.680491165057248271e-01,-3.721151100336044237e-01,1.574896851054997104e-01,1.592073181745295996e-01,-6.156915528321856013e-02,3.497262126027654849e-01,1.862703736736856797e-01,8.856295639299957001e-01,9.129958321080443306e-02,-2.220970621621761940e-02
1.621459786712557138e-01,-5.280983710714348689e-01,5.322782908328429485e-01,6.827385075394849789e-02,-6.109628322543413396e-04,4.840727948081359200e-01,2.046303876289479462e-01,9.133718501963162817e-01,3.648586820957103738e-01,3.794238119103428286e-02
-1.156339736416718833e-01,-5.982806294443911987e-01,5.042669955460653552e-01,-1.495415045877485916e-01,9.865316893512300622e-02,3.298587388244564322e-02,-9.184799333623260009e-02,1.090571346167887201e+00,-1.035468261308089416e-01,3.118508211271914937e-02
-1.146439808354202949e-01,-2.092857302288259613e-01,4.818750371051778725e-01,1.737011322164367932e-01,2.859795109469138313e-02,-3.091493291409163069e-01,6.192594818560865494e-02,3.864231855848618835e-01,1.782270052938610388e-03,-2.704077473007941990e-01
6.181481002716432416e-02,1.014940849596342592e-01,2.991482301618118012e-01,3.879936758071782926e-02,-2.178806988099001030e-02,2.533374760561638364e-02,-1.877002095063267650e-01,2.056104946735694550e-01,4.353623807897134546e-01,-4.532924823693609273e-01
8.842908827293405327e-02,-2.935367937652857417e-01,-9.342099679888438146e-02,-4.209156647459315337e-02,1.773671504947137753e-04,-5.955406829316417516e-02,-2.441141405595324276e-01,6.840202810278962486e-01,4.048255986519248562e-01,6.435264426877988775e-02
1.537061295762117419e-01,-4.450680302225516055e-02,3.328843968730199609e-01,7.612200152958352103e-03,-4.443368130223324108e-02,4.876873251190508851e-01,-1.131099014678660225e-01,1.748039288902926772e-02,7.961419450366055139e-01,-1.981482367853196203e-01
1.173331702643186925e-01,2.774883114695525510e-01,2.145693172716333086e-01,2.321417781558563209e-01,1.066851605966940425e-01,3.879285121515355650e-01,8.362118897043720189e-02,-6.195112967887286132e-02,4.234044765174498348e-01,1.166751115819140289e-01
-1.723237760172457722e-01,1.056426472884981482e-01,-1.317740652290796399e-01,9.928711967491356261e-02,2.976624222521987578e-02,-7.252100248235114621e-02,1.381991838241056758e-01,-1.696641932061367375e-01,4.457851609197100440e-01,-8.107729926235816842e-02
-2.365148258251487390e-01,3.318892937991781977e-01,-2.685651886064368554e-01,2.270100995638260621e-01,5.984939458226844894e-02,2.264212766613336592e-01,-1.562751804793489907e-02,-1.201042365689011446e-03,3.789521131282481137e-01,1.315765741870031924e-01
-1.324554801825509609e-01,1.928574558063199662e-01,-1.973051129952699267e-02,1.377087868244354918e-01,1.168169471506635797e-02,4.680491143605837179e-01,-2.292319067065854213e-02,1.421887692207464970e-01,3.773858842353067788e-01,7.114737688340759814e-01
-3.224268182586619846e-01,4.897660486617968489e-01,6.016400268841343851e-02,-1.766982926931847525e-02,5.872612772918370250e-02,3.682781051109202952e-01,-5.541375285986890192e-02,2.286920159175535039e-01,1.226597511383601263e-01,5.701016610166560472e-01
-1.820164889648421547e-01,9.298669241089957405e-02,5.538503150665777808e-01,2.191450090332239808e-01,9.604526584749074891e-02,2.954632696203436382e-01,1.933567056667155962e-02,1.221848029385869117e-01,1.020773985971984849e-01,3.464857647950735364e-01
-3.684308937961577185e-02,2.708759825364744911e-01,3.943809135529147136e-01,8.315332198390461976e-03,9.454403439222634764e-02,5.874886944014967582e-02,-1.500691469012840618e-01,2.984048093114791689e-01,2.115227997264803317e-01,1.438737516466007671e-01
9.748820766810839533e-02,1.658289525289493027e-01,-5.615729787389242000e-01,2.424615638909359272e-01,4.526241389474634780e-02,1.305047214842703363e-01,-3.210070535953585269e-01,6.614558863270485201e-02,2.346180030285071813e-02,-1.007918310064667006e-01
2.260947612212152180e-01,-7.189995442314414120e-01,4.358447019629000385e-01,5.138137720494052874e-02,9.317957278318329817e-02,4.557691061295197077e-01,-1.883605853864880608e-01,3.342687177395159415e-01,4.219679278594371530e-01,-9.733274155990175036e-02
-2.149338215652746020e-01,-9.151993227864396729e-01,7.874546286284308527e-01,1.053088518858366629e-01,2.392612997528167085e-01,1.559270650176724227e-01,-7.899110551441289318e-02,1.697419224603851362e-01,1.889353357696091917e-01,-2.128832422137928448e-01
-1.351217099338574423e-01,-7.701898247219554072e-01,9.590388343453147835e-01,2.613790225957315361e-01,2.472704516341692194e-01,2.247459907777781818e-01,1.404307301031925692e-01,8.833136830326427935e-01,4.791150129619500264e-01,-2.477413430909439496e-01
-1.022737330723093307e-01,1.016821852096958800e-01,4.167536071421599209e-01,1.962128240680803271e-01,2.102404916224115128e-01,2.137762290543530896e-01,-1.918950437333889480e-01,6.342312226732300662e-01,4.485307924747725661e-01,-1.999875062132240311e-01
-1.432500950464047629e-01,-2.386245573998652947e-01,2.231074056382596482e-01,-9.426872734705086035e-03,1.486869861735830300e-01,2.980964495604309858e-02,-1.171320872432565913e-01,2.925457419171457740e-01,7.975818227320531639e-02,-1.943550479514329354e-01
3.821726080771426504e-01,3.010285819597920964e-01,2.175835223789296946e-01,1.303859054132222028e-01,2.017311767895851593e-01,6.437124237501826163e-02,-1.984514626920696190e-01,2.172209043835470962e-02,2.476832637219058414e-02,-3.891344525803378529e-01
3.137121280161075387e-01,2.447152689399871017e-01,1.224145084196719135e-01,-6.472005299761881408e-03,-2.966222330616678088e-02,-1.564490866494152033e-01,-6.397129381580962670e-02,3.948332945960174589e-01,3.339245534974194518e-01,-1.545479943824200064e-01
1.070774784090391119e-01,-4.318610702838262400e-02,1.310808335133722413e-01,1.966927700372923526e-01,1.033622582090354819e-01,-3.054165909038712989e-01,-2.207919163049275879e-01,6.646430301052552725e-02,3.120710009121410167e-01,-6.091592590944890084e-02
1.316929613249755715e-01,6.265709414733139360e-02,1.784999872690882228e-01,2.131846686673614655e-01,8.042480873742928471e-02,3.427626521135104243e-01,-2.375423220366554011e-01,7.169127715154109681e-02,3.702806885980564622e-01,-7.477181225230909722e-02
-1.191301119383659894e-02,1.912544098953291027e-01,-4.913533155469039793e-01,4.092760255509050871e-02,-6.999745551667178878e-02,6.750337569155807627e-01,6.270811539598140916e-02,-3.375826959019662121e-01,4.447044133236472407e-01,-2.737581029158637214e-01
-2.459177130032853265e-01,5.496101378835744899e-01,-6.003839963186557299e-02,-6.271540820469841127e-02,8.029409621705978217e-02,7.138153419311684678e-01,-3.171989168285944960e-02,-2.090601192754122928e-01,3.907085121496946534e-01,6.243298201538882014e-02
-1.922609894414794851e-01,2.074222269203100377e-01,-8.094402760822667561e-03,-7.630148572182128552e-02,-9.880939512192186969e-02,5.562964911354750797e-01,-1.441095023666335573e-01,-3.912929662142242832e-02,2.586164376550683652e-01,3.703232677617103175e-01
-1.929161813394499395e-02,6.306833391189661242e-01,-3.424305257561363058e-01,-6.144332213103970153e-02,1.564727396148352934e-01,4.217269418001875492e-01,-1.838106755583098495e-01,-2.763926285256624871e-01,4.831877088289996541e-02,5.000360668462414671e-01
-1.719016158774837669e-02,6.215116713862487430e-01,-3.899179305135467288e-01,8.463460721913167173e-02,1.294770487831670425e-01,1.792638083748924194e-01,4.516231264565583742e-03,-2.821355456106920956e-01,-9.896127075017731312e-02,2.807768095829506483e-01
1.120436567332134536e-01,2.828025448301428879e-01,-5.475629671394585118e-01,4.620561282643016049e-02,2.509168366808767203e-01,4.787090263108512156e-01,-1.053697404432382828e-01,1.243627643062952259e-01,6.352169638609318769e-02,1.820352751622684728e-01
1.167324594884540934e-01,-3.841959547798551311e-01,-3.175420442712344471e-01,1.271588856332097062e-01,-3.596584104354041966e-02,1.716520387386492874e-02,-2.856082791063869197e-01,-4.256752317876946190e-01,2.468328722265947517e-01,5.751744521516708591e-02
1.632299500003547496e-02,-7.936140092708305893e-01,1.255289502142337699e-01,1.607418168913508638e-01,-8.409432692384062602e-02,2.345423907191333535e-01,-1.896198454378813236e-01,1.203822917723689878e+00,1.050129408740060333e-01,-5.409081503589978357e-02
-2.060291039000802515e-01,-9.290007052890829620e-01,6.411531997439486874e-01,-9.838548266276642140e-03,3.968571520022445842e-02,1.521392570083934803e-01,9.870761527956896375e-02,3.953930241968753867e-01,4.799858899042781790e-02,-1.818122377872248285e-01
1.876120230044379944e-01,-4.485225294063523993e-01,9.625361312311322970e-02,6.782271981968357455e-02,7.239686541868443903e-02,2.658724338434702017e-01,8.539251417395329544e-03,3.862353746783764308e-01,3.224175497372300803e-01,-2.287123694882383651e-01
2.341639977665846140e-01,-6.189579572979464483e-01,-3.495405945859547669e-01,8.895480402524028052e-02,1.474588755391218753e-01,5.152670545727139340e-01,-2.318269942779506987e-01,6.511572557891985857e-01,2.588052457075519230e-01,-3.106872540451696141e-01
1.003451490006191105e-01,2.058984559668217973e-01,-2.618830148965118343e-01,2.325289947786043365e-01,2.755280366974089956e-01,4.953657800302451175e-01,-1.473611793909583023e-01,-1.550922201302576409e-01,3.541193048326735648e-01,-3.732571470710856487e-01
-2.850985195426411142e-02,1.680773227022722971e-01,-4.905711338794811055e-02,-1.191744482103715697e-01,2.863345862953944887e-02,1.898029855675063549e-01,-3.098080290969044623e-02,3.749847103253068914e-01,6.474384170369754110e-02,-2.141332942351636404e-01
3.388937118586782954e-02,2.369885088322976896e-01,1.484293489113506781e-01,-4.350042638136465689e-02,-8.601702833182271746e-02,-8.758936432069443223e-02,-6.848799326023419232e-03,6.817203685138522040e-01,2.505364530412661495e-01,-4.879961761043209723e-02
8.777202349819665517e-02,-4.600694491533944275e-01,3.278518765983273742e-01,3.938028917134411833e-01,-2.604675321926083753e-02,-4.496274736295801100e-01,-1.894361738355108404e-01,6.372387926856262208e-01,1.263339497701464753e-01,-2.582265109667015723e-01
2.057871753102497314e-01,-4.277331638022324745e-01,4.460395495722452308e-01,1.974683608890140107e-01,1.980623136712647281e-01,6.069771687756688600e-02,-1.626408535388018939e-01,5.353753795843491092e-01,1.411993897151475885e-01,-2.487347369752268833e-01
1.141343640701474316e-01,-2.086432231827714812e-01,9.632135468537159073e-02,6.070015612943699401e-02,-4.854792504126295705e-02,6.269561205611101640e-01,-9.671401857169810434e-02,-1.573894082786184145e-01,4.479480272982548361e-01,-2.487274629492200115e-02
2.688897154720749638e-01,1.142448624972108306e-01,-1.157126287961752348e-01,1.584228029315411929e-02,1.288779010108397627e-01,4.658070519835944001e-01,2.195584137623763504e-02,1.585216242698500588e-01,3.855359920361527970e-01,8.090360679872569960e-02
-1.824848425271030361e-01,3.001749718680920553e-01,1.324743045980515399e-01,-1.728174226233766125e-02,-1.781801914133313292e-01,6.972955436262570084e-01,-9.226562580054038787e-02,-2.367432611233210582e-01,2.120367872474643867e-01,2.117927464981127494e-01
3.409735273114156140e-01,-8.322686768810544367e-02,1.827063570879340348e-01,-2.756208108480132438e-02,-1.611392587473618743e-01,2.870570740894097250e-01,2.083582694455380080e-01,-4.886441102798876335e-01,1.212599294333633476e-01,2.382666383847572567e-01
1.831072910694059031e-01,-1.574250548770823599e-01,-2.713650935341745951e-01,1.874955930070941745e-01,1.246102809217804336e-01,2.941161972506254885e-01,9.998472880194873846e-02,-1.731496154291012335e-01,9.897943985895900354e-02,1.214977472366414873e-01
1.593634379453873484e-01,-1.343108209605864412e-01,-1.678349837465116234e-01,-3.014311517644364946e-02,8.394724877157828946e-02,1.003855931174218313e-02,5.004534184349875708e-02,7.929232832434698897e-02,-2.824242015729544475e-01,4.996574640730661598e-01
2.617772679461023988e-01,-3.313410249939890972e-01,-4.368507948877455860e-01,1.680595126818387741e-01,2.429950851554636415e-01,-4.845756439318095465e-02,7.944153861164206590e-03,-1.528330657599441533e-01,6.748889143793826428e-02,-1.054666045164244087e-01
1.836232936187472686e-01,-5.402295986431979724e-01,2.820620238451900796e-01,2.566024422785374154e-02,-7.298488369167302481e-02,-2.534657388769999686e-01,-4.712215620274641525e-02,7.044321782830805789e-01,1.377350407081344152e-01,6.994945690154201479e-02
1.785524292380732680e-01,3.347150289915785670e-01,-6.173583918145728738e-02,7.443609213800940483e-02,1.402334571734064061e-01,-2.575526432024183299e-01,5.083861489470002659e-02,6.807989645551276725e-02,6.800868567774030760e-02,2.343976314080100654e-01
-2.131368421344971009e-01,-2.963610027425808147e-01,-1.117324219265538321e-01,-9.406823157399436808e-02,-1.279899429121726662e-01,-1.035948139514228511e-01,-7.146651930517057549e-02,4.973385832773749016e-01,3.198660192253626189e-01,2.842394525896595539e-02
3.907892321012472470e-02,-3.137380594961763913e-01,7.681276155331270283e-01,9.069827160312186887e-02,1.545808988003110340e-01,-1.046334673633096263e-01,-7.507778985463565979e-02,1.672648689162598568e-01,-6.616140828998992585e-02,-3.192195494009002210e-02
1.452507155071873501e-01,-6.886709651133018362e-01,4.452800144306066077e-01,-8.357711194221374706e-02,3.131160635440086715e-01,4.805812222076658730e-02,-2.077282090673533699e-01,6.814827303148230930e-01,-3.551173483784670487e-02,-2.808453441006490414e-01
1.632331969835622842e-01,-4.911979411493417880e-01,4.243889695887076430e-01,1.895500073168880917e-01,1.924206768305435911e-01,2.627425804633818918e-01,1.362346716766032195e-01,-2.349593367651636733e-01,-4.434867051036152641e-01,-7.794144343721736146e-01
6.268237766769300945e-02,-2.910645290620721415e-01,1.746226587553860732e-01,-7.195224976027482511e-02,4.028176035053834259e-01,6.921483643065683422e-01,-5.328882881166190078e-02,1.158997308433027673e-01,1.603661244569281052e-01,-4.566734955739040203e-01
7.737329568624953802e-02,1.907568777039183872e-01,-2.641531687878887272e-02,1.498538677628382700e-02,4.979866704560322044e-02,-2.169758753551083441e-01,-1.636000314044755433e-01,2.727484986368009512e-01,-4.642835398752033771e-01,2.511291567300908412e-01
8.614528946921115593e-02,-2.001856503720000346e-01,3.330018129761292116e-03,2.427676051623451348e-01,-1.106742299953525528e-02,-1.957641639818542834e-01,-1.343168568493948167e-01,4.314807895031654850e-01,-7.192090513008247976e-01,-3.584156990706776069e-01
2.655390036969053069e-01,-3.269365053783389596e-01,2.239909376809717800e-01,5.269229948375495076e-02,5.336790702488818094e-02,1.978166003232089687e-01,-3.052367202425215198e-01,6.380466003996817514e-01,-1.574446534750618965e-01,-1.826433433344186730e-01
2.444173551761636143e-01,-2.955565046689681008e-01,3.442168430760182973e-01,-5.781078591198357541e-02,7.107832948721666544e-02,1.907850977588357588e-01,-5.837372569942701761e-02,5.649580122256336878e-01,-3.833886128615034833e-02,-1.969228673143769148e-01
1.374399401563222156e-01,4.986833274498263940e-02,-7.076397395245512256e-02,7.007723244547454933e-02,1.163968643039379053e-01,-6.731353249668194094e-02,9.115256182119746767e-03,1.973150946507281067e-01,6.919339327814513774e-02,6.505567674093248876e-01
4.826877496021368397e-01,5.425777165758240983e-01,-3.367901348700307329e-01,1.912812862935868163e-01,-3.087013402897363923e-01,6.254801233241403802e-01,2.140702823374815711e-01,-1.010270281431009665e-01,-1.254112169488498796e-01,1.439515178125743144e-01
1.880931785885452123e-01,8.816391955179928019e-02,1.761449396747592419e-02,1.708823399322995651e-01,6.335255252815126525e-02,4.357126048527682621e-02,-1.501002586415526308e-01,3.031981829156412678e-01,-7.121868764359669257e-02,-3.265894116909780209e-02
-8.575762128867747691e-02,-8.622212656263891772e-02,1.255892630397389964e-01,8.779459411471536578e-02,1.421989501259005861e-01,-2.046503042318483789e-01,-1.140579291625397756e-01,-5.497607348516665438e-01,-3.580241881923951208e-01,-2.788218325568491140e-01
4.229492723462152104e-01,1.297591963754609612e-01,4.887150489558977212e-02,2.262869807892978757e-01,3.150240499266677707e-01,3.398744496386465475e-01,-1.959983021433337469e-01,-4.853860522990677273e-01,3.175923646463363892e-01,3.692190117578357522e-02
1.397422135631994078e-01,-8.293911194838796686e-01,-1.292867142106169931e-01,6.818059712069077238e-02,1.796434006413922396e-02,-2.229599439802376626e-02,-1.149493663420520367e-01,6.246038878400262950e-01,2.473662892066505904e-03,-9.537402221596234797e-02
1.282788259334163294e-01,-7.919111764904733786e-01,-4.095363581705158823e-02,7.504427541249815425e-02,-5.028050441570265650e-02,-5.194329088595601718e-01,-1.745290050659216441e-01,-3.596684000616581084e-02,-5.040474655477970023e-01,9.087977838330664471e-02
3.811938413766595146e-01,-7.668080729311017585e-01,1.140054737147298269e-01,-1.536941118160397614e-02,-8.466580705722061284e-02,1.225538441446159671e-01,1.725674884501859907e-01,1.795915068890601707e-01,-3.408872893102520840e-01,-2.133496961320932583e-01
-1.297713436382844920e-01,-5.556898045721789803e-01,5.814756060028390960e-01,2.867186713950346799e-02,6.031333954617697224e-02,-8.371628938560200794e-03,2.284969442221004496e-02,-2.516947435698379046e-02,-5.743093032522767621e-02,1.222145451504203367e-01
-1.006604712382254685e-01,-8.494518564619661927e-01,-2.687875578904835860e-01,6.470466699928593968e-02,-1.450229060712635021e-01,-1.676407272957830541e-01,2.694960174276990195e-01,1.503458735582516304e-01,-3.041426531047403126e-01,-6.544849188600908307e-02
-1.382614708786666091e-01,-3.567523133107846078e-01,-8.108058535614112716e-02,-2.287918041525362489e-01,-1.210215651541762111e-01,-8.286605386260420189e-03,1.338892235998858093e-01,1.701232168790370314e-01,-3.733513570779293245e-01,2.404231936916286783e-01
6.205600155344087598e-02,-6.313215584112592538e-01,-1.201038688967025758e-01,-1.557157009279279691e-01,-9.307830346466343385e-02,2.955919187444201457e-01,-1.598803430529600542e-02,6.624245799817635172e-02,-7.428462040246584797e-02,2.678209315384644240e-01
-7.554322404852981121e-02,-9.008465360597377458e-01,1.359032124617994275e-01,1.096788867524717825e-01,1.094284462743710246e-01,-3.094318323434390797e-02,9.511396249802930164e-03,4.912541011935557256e-01,-3.029649883348975448e-01,1.085541555151325541e-02
8.874645237211067905e-02,-4.800607222603053836e-01,2.782581613547446472e-02,-8.912844142096640332e-02,1.542042786007127020e-01,-2.019099211909692604e-01,4.402598321843769619e-02,-1.145395510892473767e-01,-4.031680190828373922e-01,6.870806874397876463e-02
2.289329340514958677e-01,-6.438293690768481792e-01,2.189791009175503511e-01,1.816920359890534797e-01,4.566852778772248489e-02,-5.587674432709707067e-02,3.443816736371030363e-02,3.335968361119645564e-02,-1.546645346862368098e-01,2.492263464786694527e-01
6.456647671690815549e-02,-6.093284220067378687e-01,6.742781409341166432e-01,1.555015599823361683e-01,-5.972043354910279434e-02,-5.291492300269670102e-01,1.906321542126930557e-01,4.040478355588930093e-01,-4.460500556870358735e-01,2.157848252132922862e-01
1.729161521065118723e-01,-2.709093393187538279e-01,4.831364091715063536e-01,1.297879674643978853e-01,-6.220023440401875603e-02,-2.115716241010326959e-01,3.495352739545881660e-02,5.317973293162261417e-01,-2.148410122697180791e-01,5.485763945241559636e-01
1.790257006349159352e-01,6.238479556062970915e-02,4.872519595218819388e-01,-9.784165069843323015e-03,-1.853761900846269406e-01,-2.160832266205637564e-01,8.346446711579937061e-02,5.815091168769780383e-01,4.456069972617252711e-02,4.177502159231057943e-01
3.422503596702849982e-01,-2.074981644883784060e-01,1.107117187869181563e-01,-1.801782750045602954e-01,8.567330706464014456e-02,-2.548149878880142660e-01,-1.209711448091212588e-01,8.093561643855283760e-01,-6.949292865397900532e-02,-8.030863584148621726e-02
3.218795929362620600e-01,-2.456638042337065675e-01,9.263769825323114881e-02,2.597467055255599511e-01,1.076512900848340809e-01,7.212469649025056440e-02,-1.703856707577591778e-01,4.479990091920625916e-01,2.425572222483718399e-01,6.707051459850189856e-02
4.021144273533519553e-01,-1.376662265848721534e-01,-1.800756253367396739e-02,2.799711618477101482e-01,-5.834760651390347511e-03,5.353786008939609431e-02,-2.325806240090831645e-01,1.690894830646148539e-01,-1.419777308212807898e-01,-1.194943995596230851e-01
6.605712002142155592e-02,-3.936158891822522793e-02,9.354067187384037738e-03,2.974060485817879296e-01,1.645921779507047156e-01,-6.676021814082205852e-01,4.351705400496471907e-03,1.706052497461901796e-01,-6.008105226523608594e-02,2.589225559723373760e-01
2.060394411412190888e-02,-2.648370442557594906e-01,1.220992487158634870e-02,2.971930176125301415e-01,2.885684189759750440e-02,-5.904896546628127796e-01,-2.196390079081232127e-01,5.862120408944355709e-01,3.914321282790372142e-02,2.824012074590372956e-01
3.373429403699731988e-01,-4.543725021859281732e-01,4.617024899002494243e-01,3.578679645988769309e-01,2.785482581502675137e-01,-5.716070397243034895e-01,-2.710695537361997032e-02,1.626604882897603882e-02,-2.968753908697596700e-01,2.243904397808163531e-01
2.114958094009064260e-01,-3.056683632938200085e-02,-1.056171391383968622e-01,-8.057224180273510339e-02,-1.184586236701962864e-01,-2.204590783689926170e-01,-3.955669332768312063e-02,-9.131553441500919743e-02,-3.240549006237978258e-01,-3.320055720086829282e-02
3.474903007665654242e-02,-4.805896872270475351e-01,1.222193849280217570e-02,7.968241923971440543e-02,-9.522364568992096323e-02,7.464339912984211400e-01,-7.391419163809963278e-02,2.798870184336753608e-01,-6.638467046761563350e-02,-2.714817697731154444e-01
1.757738857747833394e-01,-5.752504244304201819e-01,7.964616570634437676e-02,4.850403424169444019e-03,-2.847695662128564564e-02,2.097663823061167443e-01,4.804646042942442227e-03,8.624251156286989461e-01,2.575701970435133673e-02,3.723370848714511322e-02
1.764513505949351913e-01,-5.898073712463616225e-01,1.688036846467024787e-01,-1.020557785593668859e-01,-1.671656440918585507e-01,5.139725087934250425e-01,-1.197259404872511451e-01,3.805996670951458105e-01,-1.212615910219324161e-01,-1.287494117815009553e-01
1.921264225148923976e-01,-3.557091691015341617e-01,4.344401817838007274e-01,-9.548006038487057145e-02,-1.285795535285736389e-02,8.406224152035975117e-02,-1.812243053000721638e-01,-4.639300345605342629e-02,1.879779460939430269e-01,-1.253401815001021768e-01
4.864870194342051438e-03,-3.173196940056524085e-01,2.231508962691103326e-01,6.289177440286153331e-02,-4.505380971030643888e-02,2.654029052681581846e-01,1.327784709324822676e-01,-4.828817376730466515e-01,-1.893986283667156156e-01,-3.042321659708975834e-01
1.260330229830626536e-01,-3.490394173559104862e-01,-1.874137794952698832e-01,-1.487239043925688529e-02,2.140692777186950779e-01,7.373946225463720028e-01,-6.900442036401159551e-02,2.342917562288152154e-03,3.586013630980260103e-02,-3.709776119028098673e-01
6.237301268220637324e-02,-8.869983480170706702e-02,1.678775652745903013e-01,3.178568788932734090e-01,-2.510579015469763947e-02,5.115877800414846410e-01,-2.906947849977969955e-01,-4.588619996665153078e-01,-1.042522611687571460e-01,4.213174442680795995e-01
-3.272925828605613430e-02,1.095879022972791605e-01,2.227605685734811991e-01,2.311828309499880663e-01,1.269050520083777334e-01,2.165491249168050025e-02,-1.893968338928699591e-01,3.456314541962486331e-01,-1.311445755650373357e-01,4.669078162043115432e-01
8.522260544090792811e-02,2.920643717821427288e-01,1.903247921766353795e-02,-5.815231644280109691e-02,1.761976257096914134e-01,-6.889476701390992441e-02,-1.913064671464206057e-01,4.638685292966313600e-01,-7.884739794381477596e-02,5.243431365475910606e-03
3.071149686382859678e-01,4.475609402798668146e-01,-2.570120487015460364e-01,1.049000090659756856e-01,1.743522371006091254e-01,6.881909551638264178e-02,2.240104972150308918e-02,-7.003981109110885006e-02,3.247390087377698825e-02,2.548160341537677662e-02
2.808268227376697346e-01,-4.304035023213595990e-01,-1.349003212691907150e-01,3.322006094477580884e-01,-5.563944982221966096e-02,9.049884157889008518e-02,-2.269261931971089108e-01,-1.272097525811300978e-01,-1.275018002673418138e-01,-2.479136997212715854e-01
4.607931303126516220e-01,-2.550323209465720220e-01,-8.062811700091823686e-02,7.608291779700587787e-02,2.613028547415474634e-01,-3.787435493544567544e-01,-3.506374751092276587e-01,3.830190734525704688e-01,-1.269981329547068549e-01,-3.460908864190094525e-02
