-6.610818427392941565e-01,-2.026829556108858954e-01,-1.541591871836235361e+00,2.236362083373319432e-01,-4.420580575950760482e-01,-1.892583061063431160e-01,4.620347193256943985e-01,-2.306484143514165586e-01,5.222407069824211989e-01,-8.024029393796392462e-01
-3.550552533275955769e-01,-4.287230173651728204e-01,-1.439987546034916743e+00,4.509390028205025880e-01,-1.454784843196784694e+00,-1.470424711236759108e-01,5.504824100598653125e-01,2.440467738198588143e-01,6.328027123093293849e-01,-8.758860346179948575e-01
-4.109163773258247415e-02,3.106308721803613393e-02,-1.350161732189144148e+00,7.771203109136767262e-01,-2.803570160606160822e-01,-5.923806773787892999e-02,2.258683671879430921e-01,-6.695973261883982411e-03,1.992885141249908509e-01,-1.258370688024937067e-01
2.312347591951374459e-01,5.125984815784162540e-01,-1.554158608888928983e+00,1.493052620213995152e-01,-1.710854267457686317e+00,-1.234466671785752617e-01,4.749748869041260924e-01,-7.025831527200827598e-01,-1.510244333590387081e-02,-2.353794434577411165e-01
-1.764305493688863302e-01,-3.091082298485463564e-01,-9.398425209641132483e-01,4.844855447873304688e-01,-1.491257330220834953e+00,-3.774513889189104465e-02,1.193080221250803971e-02,-5.250427096990712972e-01,-1.863371792491067824e-01,-1.103404900777856107e-01
-1.362929123635092388e-01,1.142018640087532344e-01,-3.556238255423365135e-01,4.345910584582080016e-01,-1.003046379877009509e+00,-1.682703522374325023e-01,-3.794657076814973024e-02,4.685658659404830506e-01,4.346260951036922116e-01,3.004010016189995191e-02
4.981188139659725733e-01,5.724238214194029561e-01,-9.779771881467764771e-01,4.422961533503340092e-01,-7.471272200455435497e-01,9.467537498563523279e-02,1.258852862385293203e-01,4.524950601265476657e-01,9.264659419367435866e-01,3.022416978746555460e-01
-2.695160121418956889e-01,5.926464548076278982e-01,-1.305675430523661085e+00,4.423116463652692065e-01,-6.501244830069624614e-01,3.854047022837032294e-02,-5.184440239749159990e-02,7.226976070098261040e-01,3.249199449682661500e-01,1.209188482091263728e+00
8.502640760982260390e-03,3.661970176540876865e-02,-1.116639891463584666e+00,2.645862633207620718e-01,-1.951972565463673814e-01,2.351240689110664916e-01,4.285071256695955344e-01,6.512708162257583311e-01,6.375091566094838180e-01,1.179929487795605469e+00
-3.396126327908928766e-01,-6.616732182486785296e-01,-1.078418287576961010e+00,6.477612547140941812e-01,-1.881668194080648449e-01,2.151297606965082709e-01,2.437188451633484076e-01,5.670181899374187040e-01,7.257948894042723365e-02,8.379656395745673780e-01
5.951076099142005305e-01,-6.977012203958680159e-01,-1.091586850413455156e+00,7.368004855057995739e-01,-6.733302594270350605e-01,1.918664787189659771e-01,1.814733750950978941e-01,5.918242711247330146e-01,-6.922214661749329090e-02,6.584420792911334086e-01
-3.188304291087739606e-01,-7.344564625542704395e-01,-8.133972493357433109e-01,8.094555855947892509e-01,-5.069313566261401949e-01,8.310227141391417216e-02,5.646259491014748305e-02,8.772718646616082250e-01,2.857823177868334952e-01,7.372884877923355784e-01
6.306884906129626156e-01,-9.516106803852900642e-01,-5.660610847099273313e-01,5.141855742389468409e-01,-1.678045510188995726e-01,2.453025443247143222e-01,-4.101030451732287085e-01,4.502189703821488803e-04,2.756967358971531556e-01,8.868723965931428754e-01
9.691709501790479742e-02,-1.437876719647351642e+00,-5.269504327829287460e-01,2.621922114235167856e-01,1.165013110316298617e-01,5.201419344981533799e-02,-3.607917986187950121e-02,-1.965665390198466714e-02,-4.226059046304374983e-02,3.344904749794671006e-01
1.078970365286285593e-01,-1.268145526503511533e+00,-5.572467153999225431e-01,7.537828109681718458e-02,4.147779016140705211e-01,9.453491911969194236e-03,2.179346995667261477e-01,1.601703544633700516e-01,6.627663290652066053e-01,1.382337366014657620e-01
5.308412145882747124e-01,1.119722239562238042e-01,5.066927756780605918e-01,-9.656077780060351445e-02,1.109619054201280708e+00,-1.240037693538285635e-01,3.604546085517270626e-01,-5.350988759494341718e-01,-4.863060801450206916e-01,3.165749721999362998e-01
1.041768085155638929e-01,1.787038753271000258e-01,-1.028984517507653962e+00,3.772480642332487477e-01,-1.612288683744353301e+00,-3.046698359721852420e-02,6.131673502567904777e-01,-2.633751810360740464e-01,4.414192441486987084e-01,1.635995960254519460e-02
-5.553156037257209743e-01,-1.647002800345167550e-01,-7.634158175697038917e-01,1.884238827696226581e-01,-1.308607556622124024e+00,-1.110198127116867745e-01,6.267584262987768717e-01,2.936901036474229287e-01,5.410001202968055534e-01,2.183407510682052258e-03
-2.073000394221207465e-01,-3.231887249442148002e-01,-9.209797653992625455e-02,-3.241341600403392365e-01,-2.471912203171406641e-01,1.961944351011503385e-01,1.745627923297865813e-01,-2.500568955272368665e-01,-6.466488856028612675e-02,3.511985420919500611e-01
-2.472369697174414960e-01,-5.852411372483324881e-01,-7.356056490056026576e-01,-7.310466310987484562e-02,-8.678965514445744489e-01,-4.129464664248579109e-02,5.368910842184966281e-01,-2.734383626966893077e-01,-1.102242673298358677e-01,4.749736842645711082e-02
-5.084463017521775319e-01,-2.394953291287620079e-01,-4.769882804997214176e-01,1.785893612698964683e-01,-1.122035138402827315e+00,1.046120678115891557e-03,-1.087283217677990910e-01,-1.532597815497368787e-01,-1.277513222871968224e-01,-9.789231771467465926e-02
-4.321489590107301937e-01,-6.230880139366651305e-01,-6.519438664180379206e-01,4.785016545465287097e-01,5.977352272230318161e-03,8.232011204695617590e-02,9.586090253998237609e-02,1.327973743498072623e-01,-6.447343747206457643e-01,-1.004631484407530473e-01
-2.235217797484847779e-01,-2.580867279665536307e-01,-1.278449480802678062e+00,5.083057861627451324e-01,-2.345725843949736031e-02,2.353465124247736961e-01,8.467756939554008100e-02,-2.244580786021727892e-01,2.834292998187446511e-01,2.107810449316630808e-01
2.477466298686472890e-01,2.643852324138393911e-02,-1.232090040540390286e+00,8.017488399405191535e-01,5.500450718009330942e-01,2.313045276065791439e-02,2.295106986718035633e-02,-6.632567359697967291e-01,-1.998903961432990928e-01,5.897325880769597184e-01
-2.667748445487818643e-01,-1.972982343536765493e-01,-1.873698556096089485e-01,7.016182286870379370e-01,-5.124098257034809950e-02,1.734460350620192493e-01,4.022261712689414459e-01,-5.754469886622614050e-01,-1.739941730216909288e-01,-1.695692260344130731e-01
-1.021997213518331504e+00,4.778680127587499049e-01,-4.751132814627752610e-01,5.301169443956320615e-01,-5.914074263230885142e-01,-3.430153499094797803e-02,2.568482056382638268e-01,9.199162049822759424e-02,-2.585784183059917085e-01,1.171287505415742558e+00
-1.212152457402149608e+00,-9.636550385226789750e-01,-7.843847297039607813e-01,3.745396623779573969e-02,-9.968423769596909123e-01,-1.553037545042621204e-01,8.966918646796265269e-02,-1.915338758066421343e-01,-6.522719442763826869e-01,1.046083260097920187e+00
-4.876578771994714567e-01,-7.053786743600422016e-01,-4.579260494458300412e-01,-1.386827189577838626e-01,-1.143397168191155222e+00,2.166263802392010829e-01,3.014181978681979568e-01,6.206406814425708962e-01,-1.040717171315310052e+00,1.015179325560482404e+00
1.174438006442714899e+00,-2.230733798912959975e-01,-1.366002225357240973e-01,2.098340590826412166e-01,-8.456815226710473477e-01,5.364147525425855267e-02,2.383327370181306248e-01,-5.169628494380822392e-01,-6.888422408128012098e-01,4.888319603650173595e-01
7.428918716335275452e-01,-2.084590021122089132e-01,-3.981437498327926594e-01,-3.451415254618486663e-03,1.894277832984780918e-01,2.084693092976416529e-01,-6.427529931649954287e-02,1.017757423139720729e-01,-9.874325758520279273e-01,-7.866418566977724514e-02
-2.164668650492076185e-01,4.472427644179192141e-01,-4.993008848932530344e-03,2.646846721352942300e-01,-1.313647490912174254e+00,-2.634074004480124395e-02,5.469378098602249022e-02,1.216626600343750364e-01,1.085288516002568260e+00,-2.331303456545536223e-01
-4.264644580786161598e-02,1.495921714018643156e-01,-5.862053850854469506e-01,6.383763280651513772e-02,-5.420869287751087784e-01,-3.231143652158674495e-01,5.329084084189490422e-01,7.164473134871127691e-01,6.149785365212832033e-01,-4.345189574938963795e-03
-1.396263068441568445e+00,-4.544037939179355057e-01,-4.854698495168533467e-01,6.839523371434729215e-01,-7.936935473353569082e-01,-2.000217559609804019e-01,-7.736544178766600888e-02,-7.087331712240485526e-02,5.900118152323412524e-01,-8.740051309252168110e-01
2.123222428815089990e-01,3.835302894805953100e-01,-3.605936880423986357e-02,3.824504634114804791e-01,-2.177013792365730394e-01,-1.264667100944840972e-01,1.556957252820687920e-01,5.860876000563417509e-01,6.221906668985264233e-01,1.193607128736474399e-01
2.118210418881094903e-01,-1.027940132867948053e+00,-6.301532171339987443e-01,5.098447130555438384e-02,-3.001703512030424181e-01,-1.481771773274921655e-01,1.082663635189988621e-01,5.012712809431546512e-01,6.919256129264883537e-02,-8.165227917014324099e-02
-3.424530430826201038e-02,-3.487935893456777237e-01,-3.308514734515416444e-01,1.646482904290863802e-01,-1.568900919090030488e-01,7.839545375716447384e-02,2.638681335639790349e-01,3.544693470674305513e-01,3.940022754182839204e-01,-4.132203359479969529e-01
-3.182900080733185311e-01,-1.457511111969369555e-01,-7.970756332471309324e-01,2.668288114968048186e-01,-7.734479132232717769e-01,-1.143770823327132785e-01,6.278108551242502777e-01,1.113316664049687876e+00,-9.502965282761324795e-02,5.367927627883748443e-01
-5.031658099579154886e-01,-2.442822116117929487e-01,-4.828440031670081511e-01,-3.375064230443025615e-01,3.456287056554854797e-01,-1.605418041543441587e-01,1.726086884489715645e-01,5.441874488084930128e-01,4.869722969539101443e-01,-1.354231584080832496e-01
-3.858167758731115282e-01,-5.992238574191041112e-01,-1.034947009633485848e+00,-1.189529887908101768e-01,2.780127117531813741e-01,-3.859239279695823345e-03,3.916707687048727182e-01,1.573575523865107517e-01,5.848599227145064861e-01,-3.116407674704950170e-01
7.426955827600777160e-02,-3.251018706144469528e-01,-1.529919358160204690e-01,-6.532167689765564509e-04,-9.792545141432712485e-01,-4.900816237501529407e-03,3.644057688477271295e-01,-1.587803691710192033e-02,4.145797314919140719e-01,-7.590415004348411987e-01
-1.325694806347307297e+00,6.703355963582487975e-01,-9.065244141858438270e-03,3.180701431872393764e-02,-1.719016128926957876e-01,-1.811295652614595408e-01,1.949959554447687760e-01,-1.174200385313139694e-01,-1.189604239502530664e-02,-1.113927423253174176e+00
-4.674948793358568722e-01,1.475533668219229710e+00,-4.845675015031806754e-01,2.684621701149132456e-01,6.639351461260677434e-01,-9.946541986382164899e-03,5.989822048770251234e-02,3.282736580683491279e-01,-7.390896848171815137e-01,-1.724921443913504659e-01
-8.816687774886070028e-02,2.397509303377563239e-01,-9.754640423179519737e-02,-1.744899328061045793e-02,2.436235726025974893e-02,5.244159462598257417e-03,3.038216374478543980e-01,2.803409226470720550e-01,2.552046609539477262e-01,1.257934604511780352e-01
-1.419160878556940675e-01,2.047760454876818015e-01,-2.788741058354453628e-01,-3.119016203232083950e-01,-7.067357809437101457e-01,-1.124847211130834829e-01,1.771621365713913210e-01,3.692566721901186511e-01,-2.467338751975548805e-01,4.121790132841781085e-01
5.520942825950715394e-01,6.506617229012943149e-01,5.634042222184116877e-01,6.223496470553218805e-04,8.759648927997876200e-02,-1.709893412763910658e-01,6.071908561740719801e-01,6.722506215405521512e-01,-5.001646514301018032e-01,-2.204642480016333617e-01
4.144383888207110456e-01,7.937381394613859387e-01,6.542136697478827534e-01,3.467831163986778709e-01,1.685024348885405254e-01,-1.350407757824794441e-01,1.910124319720963582e-01,-2.511778461336332605e-02,-5.386427575187899275e-02,-2.006514515433507617e-01
-4.786339170447668212e-01,5.165890256071634656e-01,-4.403527731511072130e-01,2.813602036808494633e-01,-1.873448563074207873e-01,5.855061518408913833e-03,5.074283981205084393e-01,8.648429991753328050e-01,9.845524826799856299e-02,-2.310453490109632552e-02
-1.706956984753961182e+00,4.336725940030642379e-01,-2.064511151121538324e-01,4.468091973895557678e-01,-1.806115391271828907e-01,2.005299183726772655e-02,2.903639819699633806e-01,8.600179985848546149e-01,9.922975335002188757e-01,1.336425379596450469e+00
-1.189786692616074282e+00,-4.016453829260066000e-01,-3.747725332336087067e-01,2.420572139076631601e-01,4.634453607165182620e-01,-1.807839592326791200e-01,4.116569559489096086e-01,-4.904418353254514501e-02,1.154030131957344829e-01,5.489844276479969309e-01
2.092639453313171194e-01,-1.104964118257790950e+00,-1.626120118023557382e-01,4.361438431379557334e-01,7.515550208343467764e-01,-8.412835227475251587e-02,-5.395273600931520946e-02,5.163756079777028773e-01,1.626491082162139987e-02,1.206534549536706136e+00
3.064287644898845420e-01,-3.204010346699989187e-01,3.124516649571565940e-01,2.625596148834339894e-01,2.822672514319720105e-01,-4.786046673018005959e-02,2.460191059990723128e-01,8.835052954858172436e-01,-1.139389255565717851e-01,3.639943002208768097e-01
3.661988989640774794e-01,-6.202597541498440226e-01,-2.939162703380607811e-01,3.284665658267620358e-01,2.101514546272345296e-01,-1.496586417229999466e-01,-1.541352909828440088e-01,4.460934090675687247e-01,1.183519895327327653e-01,1.836674655616549745e-01
6.970582946478617392e-04,-8.847441354900550392e-01,-1.247221238735873039e-01,-2.454281380816152047e-01,-7.465330976263478968e-01,-2.727527572742473594e-01,-1.764876560875651770e-02,6.506039396847715928e-01,4.717854167537240406e-01,5.660482013351526565e-01
-5.088917531325425347e-01,1.305220414784665772e-01,-3.512297532688021251e-01,-2.649913712086186535e-01,2.250780623980055961e-01,-2.447999558360635375e-01,7.400460979834763697e-02,4.172370348125543082e-01,2.771085757272940819e-01,-2.075368460276948157e-01
-4.948414478506846792e-01,-4.240971969669624642e-01,-6.436828706323285409e-01,2.092719525589409064e-03,2.701784603785356009e-01,-1.534750904274294891e-01,2.445079020626740596e-01,-1.564133615676217837e-01,1.741258579510747417e-01,-6.549591282868809650e-01
-4.319069050318524172e-01,4.092808806840912972e-01,-1.359872208048978071e-01,3.462223189876779683e-01,-1.208914160913524549e+00,1.231721219705634966e-02,1.007567936935698238e-01,-7.538611824088332636e-01,5.851401320214182356e-01,-4.909023076905730809e-01
-1.159922989524533044e-01,8.686131634620860575e-01,-5.261797861124034581e-01,-4.096274962169184075e-01,-8.776743750358085849e-01,-1.987203677557300152e-01,1.765782044138317908e-01,-1.297396972526359271e-01,-1.833702605885879355e-01,-4.044250502962301042e-01
-5.071311437771613972e-01,1.066013389515936716e+00,-4.723001441137968381e-01,-6.581975709538719910e-01,-1.136081324884458954e-01,-1.327142633256690463e-01,2.864511922493006013e-01,4.102033477338243306e-01,1.023954203359574155e-01,-8.141373215021934229e-01
-1.204196397729634826e+00,1.591907755913029465e+00,1.057958837160453136e-01,-8.875608685674660214e-02,-2.707662229918698649e-01,1.232091170878568502e-02,4.447901363873700831e-01,3.499893128708869150e-01,4.411878875619131696e-02,-2.772919558149919417e-01
-1.569853888957244648e+00,-6.650202015993700311e-02,-3.551893691156128297e-01,1.038936776234089809e-01,-1.677400114966064171e-01,-3.050614379196679438e-01,3.986387164793591120e-01,5.501389486285035435e-01,4.218387019705337471e-01,-1.094005756611120095e+00
-1.324053637095509439e-01,9.517850425954725276e-04,1.837798065297986672e-01,1.177732168269281510e-01,-4.900660470485776465e-01,-2.346479163447837968e-01,7.015236373393181069e-01,5.473366117684974608e-01,2.650819500129406037e-01,-3.008027360462747213e-01
5.834031495959932645e-01,1.098635402229486413e+00,6.615620020244947774e-01,-1.245556537106895928e-01,7.238982400835515252e-01,-1.771906878377078332e-01,6.426085675658295138e-01,-2.234863557007405188e-01,2.814986151704760298e-01,-3.496970765897254307e-01
-1.336172701563935972e+00,6.835883755375250503e-01,-6.244862210050701190e-01,4.699631346157377432e-01,2.380265084911547535e-01,6.597070864878507024e-02,6.093346524769662764e-01,6.919342797367897813e-01,4.389027691363326378e-01,3.340620759852972466e-01
-1.661125316078513103e+00,9.821575181358879192e-01,-1.427867010522662961e+00,2.185656772332714992e-01,-6.556823856888258084e-02,-2.239453150254945221e-02,9.002354882904612943e-01,6.174362789512526373e-01,8.773216057538035795e-02,6.682643045060665532e-01
-2.661536238462539061e-01,3.972102128405785582e-01,2.007903838496236659e-01,-6.586943912379698840e-02,1.346551825820167858e+00,-1.277816649277693610e-02,3.516010543483359951e-01,8.469558879346239522e-01,3.160456699319734789e-03,1.192886217070241672e+00
7.190407221532342241e-01,-5.249245171747896760e-02,-4.551939883715015039e-02,-1.348596370585423698e-01,1.915421568540375263e+00,-6.979002673699341575e-02,6.928148412083320884e-02,4.934011316625955823e-01,-2.578419355660492296e-01,1.362042736687707700e+00
5.671935819581876981e-01,-3.361651171129149684e-01,6.567301568447492244e-01,8.296446490471010016e-02,9.437174533953699429e-01,-2.423205089463569273e-01,-3.304659529122276895e-01,7.646683528186477563e-01,2.760995710784432955e-01,7.268375525320180941e-01
7.683272033318651051e-01,-1.310016326489275573e-01,2.220372661641288603e-01,-2.861828678289376482e-01,5.516162172880278991e-01,1.156736485464086688e-02,-4.020220508216241218e-01,3.758788086508921267e-01,3.722033262191604130e-01,3.861004133232279756e-01
6.135565345864920639e-01,-3.384752071638408299e-01,2.794100540077725237e-01,-4.527870002841591912e-01,9.071741872230620896e-01,-1.441077337785775236e-01,3.019023666963039920e-01,5.940612238131752765e-01,-1.747080402925064446e-01,3.684249048518978970e-02
-7.335922111510542187e-01,-6.082678957604269465e-01,1.479698256428764180e-01,-1.041635365372267641e-01,5.548925229455181629e-01,-2.793252859585069192e-01,-7.505283952165345274e-02,3.640860762401281758e-01,6.868814958138140803e-01,2.780088093259180382e-01
-6.918957434473949064e-01,3.438130635570193494e-01,6.880249371647251255e-01,-1.839311346000748471e-01,8.023414895770547561e-01,-9.258749549942041357e-02,3.548236130543398759e-02,5.064273685619222753e-01,2.956859513499681125e-01,7.928308837396449982e-02
-5.671898143316056462e-01,6.917673246141228804e-02,9.065002143257946399e-01,6.413229882564983053e-02,6.320712816266058631e-01,-1.307643538501502556e-01,9.441557799061223166e-02,4.245064658532421986e-01,5.232306005125655357e-01,2.446408109352778693e-01
1.589733179884395275e-01,6.347643163894437501e-01,6.692559795807324630e-01,-3.273131253888603709e-01,-3.180520833124634295e-01,-1.191113334637612098e-01,2.751188480557500426e-01,3.346199543581275804e-01,1.069533057727169556e+00,7.229317093110081416e-01
-5.563074738904154604e-01,1.227812903414162271e+00,2.668169768429124247e-02,1.361939877245698094e-01,-2.382451885416563830e-01,-1.590186507298161078e-01,2.482554626449934299e-01,4.441603168446212613e-01,9.263085209809953646e-01,-2.813271051815029455e-01
-9.052906044582116341e-01,5.033552581254461256e-01,2.691614702040270868e-01,3.870536566508898657e-01,8.920019041742697219e-01,3.617627458207614555e-02,2.061594600052361337e-01,4.895422066456816546e-01,5.996664620891999364e-01,-3.761664904665092402e-01
-1.555067688710358997e-01,5.043381639195715360e-01,-1.864570481108009103e-01,6.787038216232782473e-01,-2.722486297577464964e-01,1.341397440050335621e-01,1.452954649023300016e-01,7.910625487545837053e-01,5.665908109136904569e-01,7.892444274455040487e-02
1.956672482263601964e-01,-1.516407674755264681e-02,4.236905304404394723e-01,5.379749568978627883e-01,-1.988461211025479569e-01,-1.380443318893432303e-01,-1.475437546678462775e-01,1.088886941669956254e+00,7.426152877331687607e-01,-5.131777532752133247e-02
2.169876741958516042e-01,5.218407138118840161e-01,3.556685768633292000e-01,-1.889730451035284975e-01,6.571880020946948564e-01,-4.556114438136278644e-02,8.432075067072370977e-01,1.962092973556246178e-01,6.619070448186623601e-01,2.287488146202008854e-01
-9.769926670514270661e-01,1.511967689921880797e+00,-5.697571359623226916e-01,1.762823492052165431e-01,1.870896342207596999e-02,-1.504610546215866540e-01,1.214425829158996439e+00,1.101543286625509044e+00,2.330213781904021120e-01,5.794409038614809493e-01
-1.617627341849685374e+00,6.567095753696502447e-01,-2.849692192398357027e-01,-2.199911489319487379e-01,5.340121144407269371e-01,-2.239003860591511075e-01,7.422730582773255925e-01,6.194364288495883830e-01,9.746486515641143988e-01,2.079396364256964891e-01
-1.530931323680701228e-01,4.416644457473384300e-01,-6.647878275176282159e-01,-3.681680673510381308e-01,1.188424665343782438e+00,-2.237027675571440499e-01,6.409546152654685969e-01,5.045002524653919435e-02,-4.882491074458669700e-01,9.670313522225926217e-01
3.494145650742377929e-01,6.163208836362032289e-02,-3.576663790743704885e-01,-1.625808589624911649e-01,1.187477136419421875e+00,-9.077326836502121188e-02,1.313973278449527549e-01,6.483021299460913767e-01,-7.784198769502128634e-01,9.214041925925624543e-01
1.050222651638025528e+00,1.831154289900429055e-01,6.304443970991793211e-01,-2.252919357833492453e-01,2.126845672038808754e-01,-1.198329276762109402e-01,-4.733895744729706423e-01,9.167859934052753346e-01,1.975910294400011480e-01,9.234576838856021208e-01
1.443983596429302407e+00,-3.074185474597865841e-01,5.415250160793925183e-01,-5.408358534244411819e-01,8.813101750683872693e-01,-1.365115345029973282e-01,-1.298637391487151294e-01,7.766808606155966022e-01,3.728024647766042809e-01,6.968320001697789756e-01
1.273087968836827955e+00,3.258262943699966607e-01,-6.318600179192310207e-02,2.067285718350582793e-02,1.294556947929421442e+00,-3.200859127178086738e-01,-4.743694983652907426e-02,3.707455280876671977e-01,-7.092085222955304968e-02,-3.153682031570754773e-01
-9.767569007308380714e-04,9.377274729334432735e-01,-2.768057209721368483e-01,-3.885088878933774109e-02,7.856015672787027837e-01,-4.445159144926383310e-02,4.827822812561916033e-01,5.927902562603359904e-01,3.648031124163618744e-01,-7.493130162870471900e-02
-7.143823578471593105e-01,6.911530288181787496e-01,5.799381543783018594e-02,5.621385927234382601e-03,5.598588686890019206e-01,-6.915755550300591546e-03,-1.407512271083889155e-01,3.382764377382016519e-01,1.278328740570321143e-01,1.973718240385073097e-01
3.836654896200459852e-01,9.101890882126001392e-01,9.365882200931746615e-02,1.870632193667103593e-01,1.344329751746101698e-01,-6.413870592508996715e-02,7.594323232843994131e-02,-1.943844205441412620e-01,1.897037966308921797e-01,3.311696839585446805e-01
-1.618154519089999022e-01,1.296415430018452053e+00,4.901571478615507349e-01,9.366869743014344385e-02,1.388322547473098967e-01,5.909992545092096483e-02,3.304887198716270902e-01,6.089962702023046237e-01,5.566628061943392769e-01,6.926376653538959260e-01
4.099410585108521632e-01,-3.310061071317980247e-02,-6.407737720060662223e-01,4.269934379265353241e-01,1.594943618161162868e-01,5.468391533018157613e-02,1.450385080118606843e-03,3.723724975835645545e-01,2.269536496689350258e-01,-7.113702204062923862e-01
-5.763855017199739361e-01,-2.079906893071926666e-01,4.239097538120228936e-01,4.177700257135408268e-01,-2.414938331286668460e-01,-9.191680519921819822e-03,1.135900136268803012e-01,4.670235479970603065e-01,9.566378992880704146e-01,2.563011190477720858e-01
-5.264253017074618235e-01,1.294458655597614527e+00,3.250102690137511852e-01,8.892276582910100258e-01,8.227088736475299258e-02,-9.817803914013964461e-02,-3.188373518493288206e-01,-2.186635291398816572e-01,-4.726265307020763862e-01,4.563824523392098764e-01
-2.636767934703341393e-02,1.023129792908857416e+00,1.712738970063588384e-01,6.689582062571607368e-01,-8.472309933546933250e-03,-1.682587472489584790e-01,-6.402817598328602866e-01,4.901524091822243023e-01,3.260965235400991591e-01,7.979617486709280616e-01
-8.149974789141867237e-01,1.047410246678601720e+00,6.118582300358399451e-01,-4.474105992438345281e-01,-1.562543695406637123e-01,-1.682657467507947258e-01,4.929028665195603343e-01,6.585581559849862376e-01,5.273943153836128245e-02,-7.781315786377251964e-02
-1.340675038804690411e+00,5.395940398716325692e-01,1.666789734890480601e-01,-3.303569153499207826e-03,3.270234783491692832e-01,-6.715388736608483844e-02,8.909844643074251724e-01,9.369917942574290670e-01,2.487849072399710981e-01,5.384676230890035331e-01
-1.471260813773579423e+00,-5.244259586758655001e-01,4.045203855836220219e-01,-5.965678508064505836e-01,-3.119167157726382422e-01,-7.117496126872997764e-02,6.680031693828534234e-01,7.515587917676902485e-02,2.647117607808161521e-01,-8.168505935553458386e-01
-5.306977886828174729e-01,-7.003908190815744117e-02,-2.423409841547831400e-01,-7.969922615824932555e-01,4.085262268847243416e-01,9.085091276830216519e-04,7.509376580501767595e-01,4.666958784037366637e-01,-2.688152120576868809e-01,-2.506005144905045223e-01
4.281608285579042716e-01,-5.225031019992520953e-01,3.840064322543228492e-01,-6.376874515193499127e-01,5.301150391219564550e-01,-1.513294817054886832e-01,2.234122554204401034e-01,6.326230002013728537e-01,-5.414876894824135478e-01,4.609818331764121146e-01
8.669701777486467087e-01,2.338426137919997205e-01,8.860175568889727725e-04,-2.982880496587290292e-02,-2.240384081909727598e-01,1.888812386996955445e-02,-1.202651319065737856e-01,7.924637743442928262e-01,-5.169468753077676171e-01,8.079427566102583835e-01
1.253981958546759312e+00,-2.108120135705816162e-02,4.458538693316810297e-01,-2.146602328268485804e-03,1.034599199276384551e+00,-1.929341603610807698e-01,-6.692418795766738593e-02,7.758343829133296232e-01,-4.264833139315745703e-01,3.753415921573558522e-01
1.313333396844490686e+00,-5.165969688299522078e-01,-3.981195539047611698e-01,3.304877494055959847e-02,-4.847790606516385048e-01,-2.422744720074433700e-01,-3.945553491813372782e-01,9.494262599692540050e-01,1.199775260513827324e-01,4.485376706382604994e-01
3.856529759317607331e-01,-6.787138682837129400e-01,2.193709382866749491e-01,6.213074800140626630e-01,1.536022987039511678e+00,4.116372730601737528e-02,-2.376916764003297600e-01,1.231248490947941532e+00,7.580686526434774475e-01,9.021270898872093547e-01
1.707392412819267735e-01,3.553110281355721378e-01,1.034097923006544462e-01,1.172172648670162243e-01,3.487534736409620556e-02,7.075402723062494161e-03,-3.888121118291409939e-01,5.900179588029197397e-01,7.230526591002366388e-01,8.659256752635098309e-01
-1.831964604914979866e-01,-8.037638589302866649e-03,-7.006238303609499951e-01,5.052025192304751000e-01,-1.608405717873787333e-01,-2.054158289605379217e-01,-3.027876937196563034e-01,-9.754529162500805151e-02,-2.521568275118719060e-01,-6.764936763031798028e-02
1.098208995612730110e+00,8.055086183601215533e-01,1.287086661376042884e-01,7.038362830248153790e-01,-1.524191132878306709e-01,-8.480812398405637720e-02,-7.839233076028616354e-02,4.994851540315344840e-01,2.861701773964374640e-01,1.467891040863310292e-01
-6.150726345879673485e-01,6.580693052709911395e-02,-6.528034274547075966e-02,8.383697561765067752e-01,-6.749233045264079189e-01,-6.937353358662964875e-02,-2.028668288059148062e-01,-1.138774038446741833e-02,4.853779206283804770e-01,7.440808768905236015e-01
8.258868847609086156e-03,1.751379594274756757e-01,9.833462549670743957e-01,4.007639101593607478e-01,-1.137208633916421574e+00,-1.844863490387652072e-01,-2.230463160775134346e-01,-1.042308467533651362e-01,8.546338629818310828e-01,4.085252784695379141e-02
-8.305001399481115598e-01,-4.130671087493104077e-01,6.575412786212322391e-01,6.159854007061505987e-01,-1.415028777573599239e-01,4.512772944340114056e-02,-1.758872682993818104e-01,7.809632458991420112e-01,1.740303098809174331e+00,-2.525060636424816818e-01
-1.071154778389674878e+00,-3.854883949080271099e-01,3.091284981317234948e-01,3.793890573722422666e-01,2.048346771362037910e-01,-7.550458565769503638e-02,-5.867595812381751763e-01,5.319123028165241296e-01,2.596541994794120956e-01,-3.616695314425044105e-01
-1.478742136313032085e-01,3.790091459446198741e-01,-3.416618551664080128e-02,1.462433964474917636e-01,3.584301068320915884e-01,-2.296989258149278734e-01,-4.337447480830451396e-01,1.260959797708898877e+00,-3.012200395659513363e-01,6.305586896643593509e-01
-5.315495920727524304e-01,2.541379417263572860e-01,3.013952788914125991e-01,-1.533764996233935307e-01,1.185524349327953253e+00,-2.152573643290406624e-01,7.297658425307231855e-01,3.638427244233328195e-01,1.235750566987160737e-01,1.461087647525135813e-01
-8.914644761963217423e-01,1.721552443743611382e-01,5.502446886037526408e-02,-5.647066551403051582e-01,4.911058625051813453e-01,-1.742587834913166822e-01,1.127047106649819774e+00,1.011887198877876315e-01,4.118675823978463768e-01,-5.465055963354143592e-02
4.203397675274872514e-01,-5.635369963836593943e-01,-1.210362299421504639e-01,-1.238363181225756282e+00,2.967786094171691036e-01,-1.438487177150064335e-02,9.489602318553269633e-01,-5.418152425639302106e-01,1.960560606905578304e-02,-3.653166622929472362e-01
7.313739711903468610e-01,-2.296642513434903332e-01,7.079682139478300495e-01,-7.867236533440243873e-01,-3.437814506319836760e-01,1.024927072460933009e-01,5.210729527774133896e-01,-3.282312944495982543e-01,-2.613615108166565393e-01,3.360073838672700819e-01
1.176761663773716160e+00,-3.634807696413023814e-01,-6.579404465350116027e-01,-3.973317340889306326e-01,-6.191030277776771173e-01,-2.359621356466719555e-01,7.472345361941412634e-02,1.391769123039055811e-01,-8.211384118108380203e-01,-5.580833721287756788e-01
4.914158454889385186e-01,-8.241637934236215601e-01,-7.413876347992934268e-02,8.954836931652829235e-02,-1.614075162475203107e-01,-7.893309635844641958e-02,-2.956384848619716607e-02,2.493681002424833759e-01,-4.587275620772092166e-01,-2.356260960317016484e-02
3.257203049317142218e-01,2.136219191968817821e-01,1.545437425380107588e-01,-3.554304259100004443e-02,-2.820519185366088810e-01,1.139594859090359118e-02,2.392242327528378842e-01,1.531726342803958751e-01,3.795995746161769796e-02,4.968151751136344607e-02
9.955575318113496497e-01,7.564059289923418250e-01,-1.784675016166314132e-01,5.561762404078073319e-01,2.283594247532659549e-02,-1.977135057086049919e-01,-8.377540618448142684e-02,5.680155635018135918e-01,5.818997200345115556e-02,6.201485010007548038e-01
4.009802723629187771e-01,6.042272235208220321e-01,-8.120917042953033071e-01,8.236690045585636222e-01,-2.628271710760507127e-02,-1.241793274513636192e-01,-9.080327951347630377e-02,7.319693359387047238e-02,2.128574014790425295e-01,-8.908819641782901241e-03
5.508674046028536608e-01,1.137730830996662446e-01,1.472844185382663762e-01,1.274155909958088473e-01,-7.990821893441151236e-01,4.731636942454821998e-02,-3.457482251223170100e-01,-1.108442894310797400e-01,1.196353984269798998e+00,-4.719872426787364850e-01
2.511778367417907831e-01,2.120815712456725066e-01,-4.011869536718395274e-02,2.335291810688550906e-01,-8.743037615026804169e-03,4.951970665653730036e-02,-2.433595109386930966e-01,1.685462273692922841e-01,1.349729107725573529e+00,1.524768098465857646e-01
9.409014606623817851e-04,-1.071092076903875090e-01,-1.301209179658876780e-01,6.528726766415710037e-01,5.735254725093511530e-01,-1.836905175642347399e-01,-2.843120172440837812e-01,4.502387259226088845e-01,5.931133165435060750e-01,1.230837993398848362e-01
4.472426061285721954e-01,-2.105980627504792646e-01,3.966148144508355733e-01,3.672412909632046807e-01,-3.984793639453107494e-01,-1.869336274299737977e-01,-7.749978462352533071e-02,2.727396262960761208e-01,1.668396599844995221e+00,-7.390567609239697688e-01
6.660078869496643961e-01,3.199318820363045851e-02,-5.215315941513410519e-02,9.437494277059482739e-02,3.252085030911379682e-01,4.502585126590068210e-02,-1.564533299835461355e-01,-1.730887145562067519e-01,7.917757717044988652e-01,-5.722988423588242224e-01
1.961556346543220364e-01,8.110933584930147822e-01,2.883743467375512459e-01,3.462124236831658486e-01,-5.793586594220302421e-01,-1.480469068584083954e-02,-1.498408378538540753e-01,4.459591523473671049e-01,5.955146215833013734e-01,-1.516360254977736641e-03
-7.513607278005061119e-01,-4.159217930781695660e-01,3.083253736188120223e-02,-5.780414553218838486e-02,-3.002685133490486380e-01,2.485772567288521695e-02,-9.849937568238789631e-02,8.292083642420025602e-02,3.528920276458203942e-01,-3.952033676631062642e-01
-7.830351575865486247e-01,1.711858714008807070e-01,-9.950881250519821863e-02,-1.811713861377595436e-01,-8.687145132258327837e-03,-2.747218325027266372e-01,4.581539872418873838e-01,5.644764363384826567e-01,-2.472159959979537691e-01,-2.057418140608915647e-01
-2.139052064593921776e-01,-1.052252541024887855e-01,-1.717922956912968369e-01,-8.411675477059769035e-01,6.724177510810949165e-01,3.760865092821173011e-03,8.749550852970087167e-01,1.166104742775056664e-02,3.177289388456493446e-01,-5.999922916898345893e-01
7.243855325766761499e-01,3.856021766777110171e-01,5.026482891001701203e-01,-1.257307444191334778e+00,-8.904872192323186608e-01,-2.102780334287593644e-01,1.014260436921138542e+00,-7.124832383210371045e-01,5.822717387615610196e-01,2.596214818499686938e-01
1.746724479110841388e+00,-9.614395314751731370e-01,6.494697307862531410e-01,-1.618858464356220495e+00,3.148264706809070917e-02,5.533641452645124414e-02,4.139676314927543954e-01,-5.455755463492166779e-01,4.285687328542080454e-01,2.326000666118482052e-01
1.480217714115505734e+00,-3.758091325903067936e-01,-3.513313403770219612e-01,-2.010345529532470421e-01,-6.160279686037438696e-01,8.102958270901791660e-02,1.830020455086605810e-02,-2.166145374466184881e-01,1.009111688800446327e+00,-2.802750942566071060e-02
-8.213058147401179898e-01,-3.001280253633870077e-01,-3.338163065875821012e-01,1.348179150539856597e-01,5.705815630636271729e-01,9.441964660636037801e-03,1.788747508498123862e-01,5.509738776990071724e-02,-3.779714793490066699e-02,-1.367687214639696190e-02
1.034381115132271441e-02,5.234604860956105776e-01,5.587807534297681844e-01,-1.453056931773047747e-02,3.675857735407701138e-02,-1.839458769087124745e-01,-2.653873071794360036e-02,4.491649045302941734e-01,6.146163249767080394e-01,1.509177331147193990e-01
6.547140461777063436e-01,2.679424108724866027e-01,1.011632479976789289e+00,1.040864370905216357e-01,3.023384079294370586e-01,1.649885367752962698e-02,1.602375153818700049e-01,5.762017265558723178e-01,8.137204095493284495e-01,1.778328985831771625e-02
8.883847416368019501e-02,3.617876515910461999e-02,5.155670514190539011e-01,-3.977103199014766499e-01,1.232304066732246503e-03,-1.024200252042578169e-01,1.195437176090572567e-01,5.262257931962774915e-01,9.576696953289725034e-01,4.306249468959893328e-02
7.994025760135842207e-02,4.822099164793953729e-01,3.905285838139529453e-01,3.037057160972983158e-02,-9.638589098488415940e-01,-1.321195468220515978e-01,3.599754550629288841e-02,3.426706815253288130e-01,1.367952962974783082e+00,-3.825676690666883206e-01
-1.525054337583049202e+00,3.945822346227221278e-01,4.393634126426843589e-01,-3.572198608507613782e-02,-2.016063125726961669e+00,1.339425429611115215e-01,-5.684978075064233555e-02,5.579816266858730334e-01,9.407879038093651669e-01,5.115445020565652090e-01
4.022116138283994835e-01,2.116501753585074974e-01,-1.660288741614682484e-01,9.328457554018032560e-02,-2.140995939302904050e-01,-1.424231612533994051e-01,-2.154426606941999001e-01,5.787962133578949953e-01,1.143431960590197471e+00,4.969252972202990448e-01
6.853804800506649308e-02,-5.897036561431329149e-01,6.440540671654302329e-01,-3.581156975443551271e-01,-4.399234475137039913e-01,-2.213251308804220219e-01,-7.856720016473145093e-03,1.291216617200269534e-01,1.020590116429870575e-01,2.191478664217960393e-01
3.875230094033734196e-01,-5.716658583704531393e-01,-9.426082805094940231e-02,3.721221544055894892e-01,-2.066723826032117739e-01,-9.071733139094698140e-02,3.282223437009147010e-02,1.020937339561603652e-01,2.910933216415068081e-01,-4.680881870086563978e-01
1.409919975147605031e+00,6.990581674423780312e-01,9.389276084276592105e-01,3.456861712239932549e-01,6.457975886333136017e-01,-1.597817421788830239e-01,1.734307821590843346e-01,3.415217968978455088e-01,6.766636151231231189e-01,-2.345541756407168721e-01
6.116575481175089424e-01,-7.496778166427987555e-01,5.958771417960508909e-01,-4.834858302162163834e-01,5.628048960626181761e-04,-1.373784501600139596e-01,-2.822750284528926512e-01,8.209377008590588651e-03,-1.236335604661224774e-01,-1.013142879558202258e+00
1.249295458635466094e+00,-3.238154904573233850e-01,-1.054772566415405732e+00,-3.266285066932448355e-01,5.582387201110320385e-01,4.836879817972176976e-02,6.071648060712864226e-01,1.402103393886850735e-01,-2.326097773218232245e-01,-4.061302981156466041e-01
-1.426575736522321114e-01,-8.532176626686985843e-01,-1.498774388056657025e-01,-4.577418251545801731e-01,4.246235400249810943e-01,-1.993559680068900386e-01,7.609711131897196612e-01,3.267786339695946674e-01,5.414271374012372823e-02,-7.448252768906693522e-01
-5.742990905141198699e-01,-4.034566173553550961e-01,7.251132482734794493e-01,-9.234152189772394381e-01,-6.002015306297591168e-01,-9.361305206132718160e-02,2.695240035906348863e-01,-3.109032915226289107e-01,8.257082643854629644e-01,1.305327110862495405e-03
-5.646407077447552769e-01,-1.459045953247058325e+00,5.517290617157638577e-01,-9.615162997169582892e-01,-7.684869853157473285e-01,8.941369995871967236e-02,2.799637307839405453e-01,-9.040876890053151094e-02,1.247116297281189112e+00,-1.569859160189671365e-01
-6.925352110198597089e-01,-4.587610666833084050e-01,1.584934487457383134e-01,-5.110852227021117633e-01,-1.237342329504250493e+00,6.987332609904062242e-02,-2.310142810644694178e-01,6.638297860631378611e-02,-2.364741194114630685e-01,-2.682016702648093998e-01
-4.757422120484390282e-01,-2.199464761818760716e-01,-4.072041306554780027e-01,1.898669307784782989e-01,-2.332139083709278415e-01,-6.013499423325026350e-02,1.279078321496987525e-02,1.473134944524009671e-01,2.408465180321214538e-01,-8.164604772503968044e-02
-2.240401047592781303e-01,-5.342079564311512652e-01,1.090116818726544756e-01,4.557125330283239711e-02,1.629402760424454311e-01,-1.345598923982618267e-01,2.523598506550566237e-02,2.607035020872298103e-01,4.114777332102141916e-01,-3.414800548287021953e-01
3.258748525943132995e-02,-3.424035525655153567e-01,3.423219381611471990e-01,2.115445998418545928e-02,-9.032177349132250455e-02,-1.436212125664780570e-01,-3.142356410427456503e-01,-8.546917406460338706e-02,6.457053974571225208e-01,-2.482540085527179252e-01
-4.459833022414784465e-02,5.393097673284668464e-02,5.720197702268510209e-01,1.799733002171081953e-01,-4.277548645684030038e-01,1.558885969507946452e-02,-3.480683002661754677e-01,1.078100923070393624e-01,6.542589088554083554e-02,-7.553539383124634465e-01
-5.432872731346437556e-01,-5.754541820089832393e-01,-3.167768172344112565e-01,1.823764096478723562e-01,-1.502190031110462121e+00,-8.422694466601578223e-02,-9.037376178781392211e-02,-2.485004414839348322e-02,5.037856727613331254e-01,-9.557706003805870321e-01
2.566761039569553926e-01,-2.736843091233739367e-01,7.937253584490884528e-03,3.285001818794954787e-01,-1.051545084107265327e+00,-2.457559127973378832e-01,-1.350984630272722420e-01,3.170487710148967020e-03,1.099823457751204270e+00,-4.913770544753078839e-01
2.860206902281042796e-01,1.115649057719019510e-01,5.162727140925933433e-01,-4.923100653872624494e-02,-3.050985668476876023e-01,-2.330865345289580004e-01,1.713508281120912635e-01,6.928067312176668935e-01,1.398124123416890630e+00,3.203475784974219032e-01
6.438713849746129370e-01,-1.695965128571130798e+00,2.814844165765839623e-01,-2.891624353096952094e-01,-1.197500638184629151e+00,1.137948890644650685e-01,2.634487295010911057e-01,1.449108511009922495e-01,2.560879460635190896e-01,-8.231461006088580667e-01
8.253539722034242132e-01,5.552283403543426671e-02,-4.793060106493245986e-01,-1.559587863999572221e-01,-8.413890667251407995e-01,-1.423554395902141001e-01,-8.766912925895965769e-03,6.086753313778763275e-01,7.464520206852984785e-01,7.192542094373568506e-01
1.017939505048423676e+00,9.081271469664858875e-02,7.473631205774102781e-01,-3.715498095703999581e-01,4.766663825899479234e-01,-1.587939005434509110e-01,4.929397291164941963e-01,-3.497779711860873886e-02,-3.304741032001520251e-01,-2.644010710341604953e-01
1.370610913738298686e+00,3.500555187524821976e-01,-9.101366813075689732e-02,-2.404970692306864222e-01,4.551843347417067753e-01,-1.068255113507172588e-01,2.853963318100576907e-01,-1.830130575762037651e-02,2.939688158840954024e-01,-5.309829613993249237e-02
1.553158402483581613e+00,-5.477778100048445731e-02,-6.247021286405420870e-01,-2.190445869195434547e-01,-6.479657705083935459e-02,1.178798423258993339e-01,5.728514113291702792e-01,1.710269342398774983e-01,6.551282708668804133e-02,2.440751784726778173e-01
3.547050743328515332e-01,4.954053320975587704e-01,-1.655531505042212859e-01,-7.827331659239323836e-01,4.432182786418332188e-01,-1.073492824063749856e-03,8.072249088587530874e-01,8.108007141662065820e-02,1.367901942118652722e-02,-2.154771916446685809e-01
-6.075915428989011602e-01,-2.941079560783280700e-01,1.169861341316447589e+00,-8.171765415491204498e-01,-5.200415302872384293e-01,1.618377130416713203e-02,5.396248777381924544e-01,-2.833771223724937949e-01,1.100893058453458639e+00,-7.311340406461248609e-01
-8.067033202505322631e-01,-7.236406292866955914e-01,1.195621851883896358e+00,-8.842439653404577937e-01,-5.216153976602924125e-01,-2.983233501299600854e-02,1.926126866130662973e-01,3.079328311530268869e-01,8.825847235309121075e-01,8.722789903643149434e-02
-5.520639026386956472e-01,-9.994749800527248373e-01,1.309188618064671239e+00,-9.835452135832404297e-01,-2.225086691679495576e+00,1.249805572150344685e-01,-1.043870960671588848e-02,-2.004051230509716064e-01,-2.479709931676067104e-03,9.641513158944099438e-01
-1.359593281514660967e+00,-8.518014985780913984e-01,8.150939955357130451e-01,-6.910414841076822912e-01,-1.350120909722765328e+00,9.767706426757181981e-02,1.461481193294230652e-01,-6.597132961706895669e-04,-5.248495642810664386e-01,-3.582662341015258600e-01
-6.832749160420952261e-01,-7.943469429305526353e-01,1.217306959187839238e-01,-2.981842046554158410e-01,-2.221707115038855374e-01,-6.754850385213181409e-03,-1.734086152319714025e-01,-4.849675486377655331e-01,2.811947164546834133e-01,-9.187847357394987591e-02
-2.824837680380095639e-01,5.929645272013080171e-02,-4.138305885167612441e-01,2.201407389266854808e-01,2.533752610623243307e-01,-7.894284649428863487e-02,-1.115377228996233955e-01,-4.516184960894985001e-01,1.924014065234983806e-01,-7.733938667712649817e-01
-9.218729481993648278e-01,-4.433126740082429101e-02,-2.870327764910434939e-02,1.341550944762907316e-01,2.951015359734741605e-01,-4.659110564019555006e-02,-5.203681815637174052e-02,-3.786454152678306317e-01,-1.504265799620866095e-01,-2.303182710957212553e-01
6.004927849422719843e-02,-4.796360648093197510e-01,9.471410244372926446e-01,1.109973534877013446e-01,3.849859318002287201e-01,-1.433624803077039878e-01,-1.960793194774199943e-01,8.054239355648282195e-02,-1.267065985248198301e-01,-8.123508918609492202e-01
-3.744391686764852456e-01,-4.923311301050393163e-01,1.198219482774757427e+00,-1.720697384412631786e-02,-5.526096171249718081e-01,-1.341580883867497798e-01,1.230076685716647023e-01,3.024346465922382321e-01,1.174437287601353574e+00,-9.005274017154776267e-01
1.220203445382580965e+00,-2.767919259342055405e-01,5.800450695445800164e-01,-3.346557002985366402e-01,3.622654990964477295e-01,1.174752930161885624e-02,-6.232656611345195607e-02,1.857168360332634716e-01,7.634202942468577557e-01,-6.640437410866717460e-01
1.114227617381490898e+00,-3.730977008092468683e-01,7.627137094637699288e-01,-4.297679208748100832e-01,4.619936722056470768e-01,-2.313704869961954180e-01,-4.112623171886787832e-01,-4.145883562933829203e-01,6.855682094091180012e-01,-1.652268563672379398e-01
1.154448161010231955e+00,-1.893782517798694442e-01,9.989132230053782147e-02,-7.778430366041299004e-01,6.939606670599806071e-01,-3.200822256476309330e-02,-2.687807269685097977e-01,6.126605137817359853e-02,6.034892244884713930e-02,-4.870790996167891906e-01
9.818987423944371962e-01,-4.428342650073427977e-01,5.772641763158408157e-01,-3.251020396049548733e-01,9.497185157276583078e-02,-1.460680474443723682e-02,5.209160619626175270e-01,9.639817765050450182e-01,9.689526379401998124e-01,1.975950378377492878e-01
9.487697839512287956e-01,-1.411411554226235099e-01,5.813053483665813204e-01,-8.217878834996928950e-01,-8.240350371973693688e-01,-1.773948444011534675e-01,3.623363611734103373e-01,-1.830371114280313904e-01,5.619764901495385434e-01,-2.641260062608102172e-02
1.313506849940949461e+00,-1.146027826323917920e-01,2.893274760570350157e-01,-8.163861134295623545e-01,-5.760916261702168084e-01,-8.389739598694620493e-02,2.766477174536247086e-01,-6.631577665533364141e-03,3.588604787495882631e-01,4.982013256935973189e-01
2.693317794898439921e-01,-4.951764630674462819e-01,2.045777860634917858e-02,-1.896506573156459263e-01,-1.378422591284261811e-01,4.260812814850711838e-02,3.094102043782763212e-01,2.172338586547303552e-01,-1.297659475500134996e-01,-5.478689294906320395e-01
-8.982554898684254052e-01,-1.327852051370168041e-01,1.368561921507158941e+00,-6.107888672465476843e-01,-4.759815888904736503e-01,-7.156762254367095288e-02,4.093541087624880115e-01,1.570974823146795429e-01,1.232189509590198462e+00,2.357701036273114614e-01
-3.009072761824301834e-01,-1.209363870327111012e+00,2.255795113007825758e+00,-1.401969387795894417e-01,-1.181625804456108986e+00,-1.122767012590826646e-01,-1.232043971531386617e-01,-1.345037113539147844e-01,1.410857481096423838e+00,4.857807948740346382e-01
-6.239234731344890650e-02,-1.310124421717102194e+00,1.644154339885480764e+00,-8.780579810997056756e-01,-7.348706989244827570e-01,7.275675014194185608e-02,-1.596673173911798138e-01,2.221445117237513464e-02,3.725063817841957337e-02,4.758017444337414026e-01
7.243806474038565479e-01,-7.408384042470478326e-01,1.381309045293520166e+00,-1.029644931091020954e+00,-6.387979388135742731e-01,2.116572595780764621e-01,-2.632800613583994101e-02,-2.583839225368557702e-01,-5.577665809349541259e-01,-3.761638910092442445e-01
-1.467135771250625831e-01,-6.636042318996360212e-02,-3.718163144928378072e-01,-1.795576768157815251e-01,3.140903112938209923e-02,3.051041077769667959e-02,-2.794526077322317947e-01,-1.166226800969743793e-01,1.918168789793102402e-01,1.204875793635764303e-01
-9.244735503728371828e-01,8.992826157775416496e-01,-1.038356908587354521e+00,1.131662729695061959e-01,-2.957984709347661334e-01,-8.184476702503171164e-02,1.266033324088466083e-01,2.649188470856898570e-01,9.681379567107930434e-03,-7.163006878704938352e-01
-6.930444135714659559e-01,-1.305203676390555567e-01,3.032984175239855640e-01,2.013901611098259728e-02,3.792260605034780130e-01,5.897992886620053755e-03,-1.402530543138240382e-01,3.838197881262905287e-01,9.170174759466004355e-02,-1.239922905652661278e+00
7.883305715888622167e-01,-3.321699566905651491e-01,-2.512312213413673279e-01,-1.617258254423658836e-01,-1.034621205059557569e+00,-3.320320167507317954e-01,-1.638815533827462090e-01,-4.762812654385322614e-02,-2.817525421657551821e-01,-8.282822907562625847e-01
1.931186952861991823e-01,3.846204425655532777e-01,8.098782906263319870e-01,-3.337592591624931604e-01,4.546543059521232499e-01,-1.512039969956932017e-01,-4.754223428094080939e-01,-1.612561184019216734e-02,9.537249740649853536e-01,-3.989790525594678061e-01
1.084364622914905762e+00,-6.347538256786972033e-01,1.617236633165972437e+00,-5.022597792222777136e-01,1.439055463025582293e+00,-2.408426816612409815e-01,-1.352353323467181123e-01,-2.672826966574591290e-01,7.745750694695641148e-01,-8.475916829886751547e-01
1.388687208656689931e+00,-1.075079985108289560e-01,5.252005366522310981e-01,-6.728667783206926378e-01,1.146437837501674606e+00,-9.031956976552123206e-02,-6.386276018260025888e-02,-2.625288571220817935e-01,9.691407400651819853e-03,-3.784850334676024275e-01
6.047567684826647971e-01,3.365828181424923571e-01,6.573778708023609862e-01,-5.933998208737089053e-01,9.134489362283574332e-01,-1.044461066272877464e-01,-1.134980323458415763e-01,5.720550216200868954e-02,3.839018514298668527e-02,1.485412192340795634e-01
8.216500202205119230e-01,6.325772557581655908e-01,-8.424104957400530003e-02,-1.028459424562458702e-01,4.912696278094120239e-01,-1.034930194137449327e-01,-5.097879942707308487e-01,2.709418844148863692e-01,1.824103424165553766e-01,1.303607751233889500e-01
9.031660386823976427e-01,5.430860969092619062e-01,-5.569508206305042730e-01,-5.585591112661653090e-01,9.213677120127038433e-01,-1.640329383107621275e-01,-1.290002909417798521e-02,-2.975702688936339713e-01,-1.275462026215950784e-01,2.600432194532678598e-01
9.460197277789745840e-01,-2.174717968437022142e-01,2.007898154601009122e-01,-6.660330651146174619e-01,-4.062981333086767566e-01,-2.345459585603259234e-01,6.293639997933112018e-02,3.158641588461615357e-01,1.672983142598269690e-01,7.494328101139213771e-01
-1.849933806091575705e-01,8.395942147590390592e-01,3.219564039919159404e-01,-1.432471091562450161e-03,-5.385152096879537442e-01,-6.577838627655210879e-02,-4.942759719556448217e-01,-2.723982410261295839e-01,2.332463230440007251e-01,5.985372844244947199e-01
-1.830712410173215288e+00,-1.024358365471395915e+00,-2.013343489421574040e-01,-8.170982714758922016e-01,-8.553236586562827926e-01,-1.624866718047726366e-01,7.206801214464844119e-01,2.790009222194427818e-01,1.418247190580501194e+00,2.503765904544092424e-01
-2.029673932811943082e+00,-1.181582098631995592e+00,3.092269417887470451e-01,-3.254563576977171913e-01,-1.037837642914879899e+00,1.107932406935531050e-01,2.747750195482235869e-01,-1.890194017861794931e-02,1.435618679648279716e+00,4.640025132511331196e-01
-7.948381231349892495e-01,-2.679785913309977730e-01,6.341662659344193820e-01,-8.101321771121817727e-01,-9.981276449338843948e-01,-1.287719722040479853e-01,3.055882646894936827e-01,1.584445309373035127e-01,7.529211810634313107e-01,-1.739965565443331863e-01
-6.808764199140376894e-02,5.975527176243636829e-01,-3.728100136783753411e-03,-5.601146208334971677e-01,-4.378373840238083958e-01,-7.968507772207682194e-02,9.400820972859380564e-02,5.352617540072115432e-01,-7.185250966837164466e-02,-2.469046992105876914e-01
-2.957774316007196619e-02,2.242039922291920173e-01,2.037159441322644871e-01,-1.490163452064579286e-01,1.413933225490752177e-01,2.531640178532675034e-02,-1.132752634432500870e-02,2.440575835460928877e-01,-1.070374892666347277e-01,-4.649326844469564568e-01
-7.492534354790529871e-01,-1.516759664372762761e-04,7.481159577398685534e-02,-4.016399412424720428e-01,7.268766768984587234e-03,-1.925045286217948737e-01,-9.752376154341502179e-02,1.077726337932661815e-01,-2.282487667431386258e-01,-1.095595056759540276e+00
-1.006295607374888768e+00,9.378935825401807369e-02,-2.025238264591464332e-01,-1.385108255871272120e-01,-3.796677732881176826e-01,5.815683560284058001e-02,-1.949716122798907658e-01,-1.718977183577508339e-01,-4.098173947363987768e-01,-8.078746989736427242e-01
-1.125843731905408429e+00,-1.036485137086201602e-01,-6.808588888339435208e-01,-5.784379324577625381e-01,-1.068890076191099991e+00,9.166324611863661820e-02,1.227054034255562198e-01,-7.605814893856857051e-01,2.308166556386597942e-02,-1.836140416913187301e-02
-4.398514314589535013e-01,1.747461337032948925e-01,-1.319920563383768786e-01,-3.498355462889892742e-01,-3.920092063884899614e-01,9.007667181347149554e-02,3.451697822517890146e-01,-6.293378179495578983e-01,-1.393251940319079063e-01,-6.541903150973806327e-03
2.080764285413464754e-01,-3.149768995053415788e-01,6.184018812573697232e-01,-4.748871993346945874e-01,-7.018950692395389268e-01,-1.825523699758706264e-01,4.520348483173537990e-01,-3.490339586508902081e-01,-2.062040338280771851e-02,-7.393413584922761128e-01
2.132585253686460069e-02,3.966538493238450647e-01,1.235509021450605482e+00,-7.038220147959893813e-01,6.359258130215802995e-02,-1.758545663640246615e-01,-1.843451095984493734e-02,-3.130460559701003231e-01,-2.796842890585046204e-01,9.006454476209937998e-02
6.777880517685774819e-01,-9.209328519053547324e-02,5.026780631892920903e-01,-1.179947147227395354e-01,2.662582417179220617e-01,6.408816195959014805e-02,-1.177351774248951155e-01,-1.822406341345483571e-01,-5.065533108041742755e-02,3.077381526425387315e-01
-5.427488295486806447e-01,2.699399676865931186e-01,2.851119345251560966e-01,-1.939419035983634132e-01,5.214215779492265695e-02,-9.285403923668210380e-02,2.826959899417164634e-01,-1.075282581251887914e-01,9.530205302586452348e-03,3.403092317506410391e-01
2.892963049039928292e-01,2.897851465990393116e-01,5.900371050909688497e-01,-1.049153296509485883e-01,3.971452948716633347e-01,1.430048677565022297e-01,-3.346478758431712386e-01,1.775840024903294345e-01,5.393287740341772274e-01,3.596810821205597697e-01
-3.245524934958414574e-03,1.053308376546290837e-01,-1.122662112243222876e-01,-3.131866670131738806e-01,-1.911778019087537472e-01,1.094022037746014281e-01,-1.570325900140964459e-01,4.090841366595346362e-01,-4.274724656122262934e-01,1.063602299616545066e+00
1.443153765034684566e-01,9.338578257261584414e-02,-1.880420202607443747e-01,-3.016868343564040392e-02,2.117866554307199500e-01,-2.375791770907058897e-01,7.111501800793079697e-02,7.919637385975547561e-02,-3.297260105245422013e-01,6.395175855874464244e-01
-1.886623055820412231e+00,-4.478722861947225242e-01,-4.491623290149638903e-01,-3.134240310457357959e-01,-6.040080207789954025e-01,2.200669741684637901e-03,5.829216500991261096e-01,-8.400340166646702578e-02,7.709532293594469898e-01,7.925249692319689121e-01
-1.187197938307030354e+00,-4.098976999936946308e-01,-2.071208782870565257e-01,-7.066024832413377033e-02,-2.078771383166189424e-01,-1.074855867959623595e-01,6.133832372193077642e-01,-1.254425175844100238e-01,9.172295235969367688e-01,-8.522909828248477204e-01
-4.537278709551906958e-02,3.454359704040356194e-01,2.464591223798886233e-01,-1.542668060687033826e-01,-8.185415004402371575e-02,7.048141840833793692e-02,-1.187543360309908785e-01,-4.254061260213767848e-01,-1.143080295592950602e-01,-9.318642262233621520e-02
-5.909151576050004628e-01,-6.268637762775407518e-01,3.655790061480791442e-01,-1.746921435476847251e-01,-1.002529082620144507e+00,-2.859159921939734006e-01,2.728235452067758748e-01,-3.174925162748671315e-01,3.439000543383247122e-01,5.565126046211454902e-01
-1.213781036713096784e+00,-4.486234670115247791e-01,6.285377364952028367e-01,-1.086506981711449771e-01,-1.253611037370306436e+00,-1.602701877103999695e-01,1.573428171750218818e-01,8.260045346826087528e-03,3.578125165895198467e-01,1.119345807482569954e+00
-7.403832013503020004e-01,-7.672409887695766928e-01,-2.799650838279432730e-01,1.991845230381888154e-01,-6.769023354893041744e-02,-7.463944980773729032e-02,4.992515581085577581e-01,-3.782649068828437128e-02,-1.003373860762632186e-01,-1.029167243104352029e-02
-3.225983128781956810e-01,1.533282465703762476e-01,3.531768886811131880e-01,7.259493947699753418e-03,5.850550931050764181e-01,-5.830250197270643586e-02,2.752499439826878724e-01,-1.711248829772043234e-01,1.278724109883918048e-01,-2.831049899787136392e-01
-9.628952694644470067e-02,9.544872419239612826e-01,-6.311132686822733540e-01,-9.985208710409738606e-03,8.519932950666987415e-01,-6.075048569261239095e-02,5.518774382668147904e-01,-4.397780580643081971e-01,-1.180172097475026272e-01,-3.378253832913253457e-02
-9.664524122098518966e-01,-7.880964780499458144e-02,-3.631455710022456485e-01,2.036352067222085560e-01,-5.647565223610564455e-01,-1.505330407878036625e-01,5.889354171787581915e-01,-5.372828953209169978e-01,-1.607352791126850089e-01,-2.995469655547429721e-01
-8.624231953545764551e-01,7.613543176594453898e-01,4.854780361487324170e-01,-4.154416894052387343e-01,9.512134295074504697e-01,-6.760990336024381986e-02,2.419235619320189157e-01,-1.847011367357144496e-01,-3.789658461544884172e-02,-1.886799362896165455e-01
-1.058208103024102620e+00,-1.633277725936385649e-01,2.312368766945679388e-01,-4.987460112888819075e-01,2.469579167084042237e-01,-3.326940198835342394e-02,-8.758804829585492557e-02,8.177876869001490800e-02,-4.362498528680008869e-03,-7.734813911081245275e-02
-8.078334918591358882e-01,1.878382206930027665e-01,3.914960363038608726e-01,-4.809715872542466575e-01,1.930667725013551217e-01,1.853453612623170710e-01,-3.950048176618394663e-02,-1.418462125231132742e-01,1.976021810700064052e-01,-3.251855775670541709e-02
1.847129816290017656e-01,4.030507936100246047e-01,6.859563967839558130e-01,1.201760408514228745e-01,1.022659157048815493e+00,-1.347328183747822095e-01,-4.719239313724115509e-02,-4.767617708445885394e-01,-2.867732002627975188e-02,-1.081786749880532472e+00
-9.758551867975480132e-01,1.354134448582412720e+00,7.399213267173567754e-01,-4.278370889496257989e-01,5.165518392027134142e-01,-1.203187683327330698e-01,-3.405444418645890425e-01,-6.116683812399832387e-01,3.008434058481510576e-01,-7.667865821003456706e-01
1.960431533926542957e-01,1.282033153391008096e+00,1.663612334634498036e-01,2.116684514422660646e-01,4.031326350237162681e-01,4.126837542759022315e-02,-5.071345991287556920e-01,5.973914366987042451e-02,5.472729567463489181e-02,3.832500405138192234e-01
-6.564692258134212643e-01,1.355202033500566117e+00,2.365331003950660871e-01,-1.748250498758842919e-01,-3.322042898205924133e-01,-5.089695541960116698e-02,-1.045778489052480789e-02,-1.914192213370698170e-01,3.358155370005034834e-01,-6.058607092053078791e-01
-2.471257784505862531e+00,-2.564402916752777095e-01,1.353227347369758138e-01,-6.439200933450961450e-03,3.036489306145904732e-01,-4.452939146395991192e-03,3.119092288217061304e-01,4.244019614697344678e-01,8.326950764469076560e-01,6.510177340416949399e-01
-1.088231914823557078e+00,-8.258177213785592441e-01,-4.946371341741571115e-01,2.436736649048735215e-01,2.123349827271110990e-01,-1.249126036571358289e-01,-2.489652927407532690e-01,5.010298098086619217e-02,2.117580554973330087e-01,1.141773715153128199e+00
-6.562362467456983595e-02,-3.225176385039148740e-03,-9.437235960345308206e-02,8.343199637280809822e-02,-3.347281466615651957e-01,-5.128028486586014290e-02,1.973277472320149883e-01,-3.867332528612506537e-01,-1.682023183859756299e-01,8.697977346334040405e-01
-1.154064858738761190e+00,-1.458986164512378614e-01,7.140122431710758111e-01,-3.229586245020717866e-02,-4.442535150431808355e-01,1.412618052843951253e-03,-2.954342918192136638e-02,3.253808773451387082e-01,3.382522257458761006e-01,1.607095249317584740e+00
-5.318621078866094809e-01,1.131891900311008170e+00,2.368490563111591840e-01,1.579377016508806963e-01,-1.026884197246306751e+00,-1.318694476686715390e-02,1.162039405152312799e-01,1.707972162956019335e-01,1.902727527886746983e-01,1.792169041215218472e+00
6.190217417680470291e-01,1.930548542893119612e-01,6.083836246583111951e-01,1.904458219384628503e-01,-1.544864764138421387e-01,1.230718586044323992e-01,1.681088744525209289e-01,2.007193184365863303e-01,3.829542015867147819e-01,9.316096249087351122e-01
-5.516927446881509933e-01,6.499219847562984764e-01,5.076275556044457238e-01,2.464912756269690627e-02,-2.833793442534168761e-01,1.359318292931668559e-01,2.000743859107038392e-01,3.249115660899284941e-01,3.087818917967255494e-01,6.661833864033972485e-01
-1.022475027355653210e-01,-1.673521038318668275e-01,-8.739729583732191998e-01,-3.135638723791146498e-01,-2.450215337497240187e-01,9.972349999972614232e-02,4.938195809227227673e-01,-1.483478117736302011e-02,1.203792016800316333e-01,1.653322440879171351e+00
2.833542748425424973e-01,-6.270658864839885327e-01,-5.660180164823835902e-01,2.252709547300188117e-02,-9.179637389907037148e-01,3.929070457014796625e-02,2.979389709274883891e-01,3.983469354705299753e-02,-2.906649664037882705e-02,1.655767700791046737e+00
-5.051249592035528257e-01,-2.168012500098649431e-01,-1.360420587869849707e-01,1.896264293979597892e-02,-2.073077044305565719e-02,1.238075532370330051e-01,-5.690629247093888926e-02,4.105779699711718522e-01,6.429338928031311795e-01,1.287836013772125865e+00
-1.561980581999039108e+00,1.422473864018178324e-01,-4.125710756406310020e-01,7.010145304148754919e-01,-1.858853795266658948e-01,3.451980619438725639e-02,-4.272650436674755858e-01,5.052545653851690105e-03,-8.192924835267006989e-02,5.425346874757180915e-01
-1.651931919360659196e+00,3.434811056113989958e-01,-1.262136677473229274e-01,1.612649468209328141e-01,2.732240634999393708e-02,1.193763055684250174e-01,-2.181872392312537434e-01,-6.265079024978252586e-02,-2.022436951988476339e-01,-2.558011486391533612e-02
-1.848902422751518726e+00,9.857857333791513188e-01,-5.519641278099548520e-01,-2.910172447132793327e-01,1.063891448495060676e-01,-9.167953074329840413e-02,-3.691210009090006294e-01,-4.419846985042899523e-01,-5.626623849904440616e-02,-5.876812331315555554e-02
-2.302567332444347414e+00,9.683984133156829932e-01,3.081154260106433451e-01,-3.675300382428218215e-01,2.807203582434935618e-01,-1.215168511988596461e-01,-3.953090152586538064e-01,-3.702051599920692104e-01,-4.517342096987535943e-02,-1.115144562529991057e-01
-9.670595209604903042e-01,7.624321620218911244e-01,7.987150973706593771e-01,4.685836542920691211e-02,9.307848252978764281e-01,-3.834232216064838855e-02,-9.571390601827087230e-02,3.085618885546168033e-01,5.396463717963837503e-01,-5.786776267561977161e-01
-1.975339586656970514e+00,7.353581479671283949e-01,-4.602487631024182457e-01,4.835492601617320529e-01,8.994122912678345072e-01,-5.895851122974064829e-02,1.801603357286443163e-01,-7.343549546624128510e-02,3.898723459273915198e-02,-5.525616901132204273e-01
-7.091038604160768699e-01,1.347687041843949274e+00,-1.259758990851699512e+00,2.500429162192327470e-01,5.664710786159793399e-01,-1.336958752512780735e-01,-2.429931691144286698e-02,6.643765955430047665e-02,-4.010457128358906331e-01,-3.681172579099458164e-01
-1.360452190152890095e+00,8.208190123472568489e-01,-8.770313248185446220e-02,3.453567523825445268e-02,-8.075629058119368486e-02,-2.147186954334495967e-01,6.209676748136096214e-02,5.212307361209761458e-01,-2.927107954398628850e-02,1.968501130312448610e-01
-1.228733015886013247e+00,2.668228590433550096e-01,-4.276737892145602293e-01,4.596996488573834583e-01,3.592510791266865545e-03,-2.054369490398274822e-01,1.458525262434188507e-01,-8.615102352381975859e-02,3.953671478421493246e-01,6.615797623010304385e-01
-4.809775728326972088e-01,-1.029717330736986403e-01,-5.532503155548340601e-01,4.871542762274935767e-01,-1.367036650103667650e-01,-2.699678018204336449e-02,3.572702208116229627e-01,1.235605218278336935e-02,-1.220138659962624605e-01,1.370671386104819478e-01
-5.535251759200747745e-01,7.750330591123494317e-02,9.160194037217173069e-01,-2.115409479212525812e-01,-9.678001570291682176e-01,6.938669875025060829e-02,8.774619609117639829e-01,-2.829294257862806083e-01,2.218211068299293931e-01,9.521267659378648829e-02
-1.051991071504234654e+00,-3.246384549923118090e-01,5.627364695083051371e-01,5.068955123493023435e-02,-7.064352416265374801e-01,-1.663103397157296992e-01,6.136315373544618534e-01,-4.370916424056576211e-01,-2.369145148633638176e-01,5.130226138427975702e-01
-4.990799920857315608e-01,-1.804655734426907077e-01,1.069204308313126184e+00,-8.435807806644876616e-02,-3.768569908290588660e-02,-7.715150760098456184e-02,3.034177430950631416e-01,-5.045640140590681444e-01,7.457030631885205874e-02,3.804873987226491949e-01
-5.092994136498187885e-01,-2.624326560060252778e-01,9.512380374499772584e-01,-1.138076830995836120e-01,-9.973863593155506413e-01,-1.513850928384401218e-01,3.039946852449839643e-01,-4.548071829537437272e-01,9.302788044515850618e-01,2.007227955975329492e-01
3.261508172984905474e-01,-4.446437046934700321e-01,2.407197603166726374e-01,1.653415341789933601e-01,-9.561616801246396458e-01,-1.745075243682186195e-01,4.284603435977445418e-01,1.098838879328560558e-01,5.614216524348550896e-01,6.977135618945928819e-01
-4.490101658361071446e-01,-1.402958231065282391e+00,1.158834510666754969e-01,5.690638653819570653e-02,3.342295342348098885e-01,-1.681079410846580136e-01,2.935156811495541751e-01,4.112949627139071418e-01,8.354597203530440552e-01,9.381171475224209244e-02
-1.251022021253762606e+00,7.577017253049858625e-02,-3.645855058719843500e-01,4.010237825477562801e-01,4.822871673568673769e-04,-1.592891642239529781e-01,2.029593004542966650e-01,2.310371419305873586e-01,7.502721603971653774e-01,6.699953528639917000e-01
-1.328000944632079738e+00,-3.105734526130936660e-02,2.950183951716547348e-01,-4.794894346000924124e-01,-3.228167668216378600e-02,-1.437162882932349617e-01,1.535958050008381093e-01,1.116924676806564931e-01,7.796936454664382676e-01,3.222903871358229755e-01
-1.516765974843619746e+00,6.036147259307403923e-01,-5.221287136677602581e-01,-2.241337901992316584e-01,7.456145659867202680e-01,1.215066413693573349e-01,2.042850889145579052e-01,-3.552943136446186645e-01,5.938378844487974817e-01,-8.153505800693168215e-01
-5.503998417263831211e-01,4.118880322957350071e-01,-2.068837409666731963e-01,-4.261864771249833650e-01,1.226322447141887428e+00,-2.761511403346026960e-01,3.397647324372036759e-01,-2.822693011479954217e-01,1.136044674847029590e-01,-4.301504356972513654e-01
-6.318041448289111184e-01,8.897396972172645357e-01,-4.713496782243718070e-02,2.769447895527748504e-01,8.088865863691040436e-01,-1.417165399380559687e-01,3.574859013209863989e-01,1.146484797406030764e-01,2.660669019968892046e-01,-4.218376691891934649e-01
-1.997834179820888068e+00,7.265586944975283012e-01,-8.392421572940494956e-02,-8.097554619738861481e-02,-2.656702569479964526e-01,-2.491446865370884611e-02,3.666716058684618695e-01,1.308198826882059074e-01,2.093363438926051368e-01,-3.565915206805803650e-01
