1.947958420559397497e-01,-2.729246478694037914e-01,-3.909456945100123204e-01,-1.976157548292116206e-01,3.653471464900730908e-02,-1.116720662753801635e-01,-5.948786232620140169e-02,3.128378194201220652e-01,1.153483488931835999e-01,1.751873910283021640e-01
1.567302395124015382e-02,1.298330332289118483e-01,-4.310646787484420997e-03,-1.723625286588037833e-02,3.114194961453479182e-01,-3.720589716453786000e-01,1.316228575872345208e-01,2.475384109554734646e-01,1.631974840303893615e-01,2.334304117631667563e-01
1.486864630687143030e-01,-1.208427115671079771e-02,-3.257622526832701371e-01,-2.602199622627280884e-01,4.096663362023541394e-02,-4.149064367097744510e-01,1.178423128036136386e-01,1.523107316703702363e-01,-4.856608791875684228e-02,1.564162434425571679e-01
9.865697869316460145e-02,1.318872039574980060e-01,-1.122479493126435773e-01,4.042983372931067965e-02,7.194753270818038393e-02,-4.594959309075997700e-01,-1.977717339943763086e-01,2.735854245874603241e-01,1.307191898137822217e-01,-3.172010232408213615e-02
4.555367438222436283e-01,-2.987668967834293254e-01,-1.114643004324088887e-01,2.568186276571657323e-01,1.413960821023936276e-01,-9.802833696536232544e-02,-1.174986245929719036e-01,-4.952776911177613622e-02,1.955733672153904812e-01,-1.969776579208818573e-02
3.776763240683910228e-01,1.290429755045579933e-03,8.956509928246703112e-03,-1.032092498751791820e-01,2.009253120092664990e-01,-1.281973274328158663e-01,-1.417744016459811518e-01,4.053882203103888887e-02,1.190690796970501376e-02,2.378254448173049984e-01
2.821334972196540836e-01,-1.935434325699641744e-01,-8.253305126678571468e-02,-1.482827382717518683e-01,-2.369084447335531307e-01,-1.178876516909314193e-01,-1.862190526183069017e-01,-1.128936277542415545e-01,-5.936156206669436497e-03,2.188550251708170080e-01
6.982730574991431738e-02,7.972366763908068921e-02,-9.888020447869209917e-02,-1.650337164156756575e-01,1.249300793253903426e-02,1.370654214622636369e-01,-9.356764721402534291e-02,9.539233742675842787e-02,-4.784432700152725648e-02,7.963595345831249450e-02
3.793212419652692846e-01,2.301777500185850089e-01,-2.679798861450093939e-01,-8.278896195584040107e-02,-1.925937817742334190e-01,1.516409930581032461e-01,-1.346563347552399148e-01,8.666780991575662174e-02,9.854662979058435163e-03,-6.909008806302922856e-02
2.782483508568458497e-01,3.109320266938528365e-01,1.378546789732741917e-01,-3.813299034710499469e-01,1.074442939860022483e-01,-1.533355813901338682e-01,2.192195462963467678e-01,6.005671968956016044e-02,-1.219783659848100998e-01,6.016521452340090059e-02
3.176180843981818436e-01,-4.174852678784521376e-02,-2.324568593299051467e-01,-9.421975357415718344e-02,1.041634043485252237e-01,6.783735813806922310e-02,5.378069006396128497e-03,1.394171862627433534e-01,1.572297637956854843e-01,-3.920659620406605206e-02
3.928631376721549717e-01,-3.987151707281294533e-02,-1.640773051275666583e-01,-2.121431803319093756e-01,1.858487183965589207e-01,-1.337313330431619818e-01,-1.500567754931181885e-01,-2.799005846859551824e-02,-1.523423767344797009e-01,8.928898503440176049e-02
2.841843364285694395e-01,2.301622734299674511e-01,-9.421978102645352238e-02,-9.150051507556281050e-02,1.358738267602131455e-01,-4.653694435442342625e-01,-1.435649451487690242e-01,1.011374217057799396e-01,-1.474178271082600689e-01,-1.076034785881978123e-01
-9.642386601308149119e-02,-1.770851312405413991e-01,3.552474999149604629e-02,-9.982779959225027144e-02,2.176371523716867373e-01,-1.178944594121171668e-01,-2.042836491364500295e-01,-1.012902616980152215e-01,7.100599560845589561e-03,-2.605325208801501612e-03
-9.397671785035834058e-02,-2.380031937046755142e-01,-3.758503977568426746e-02,-6.281162887391028571e-02,1.926398265990725833e-01,2.569691984444975874e-02,-2.504939699003389530e-01,-6.727482302342967192e-04,2.886522698583573673e-02,6.897494708044522860e-02
-2.090913764504850336e-01,-6.614199861865577290e-01,-3.287031585160978264e-01,1.204660902974604916e-02,4.221119680231473215e-01,-9.426873566355352396e-02,-3.425911167855704154e-01,1.629241502249469398e-01,1.418412441016135006e-01,1.484113513874470436e-01
-8.192904335541111027e-02,-2.275586175634485009e-01,-5.572519883671768481e-02,-1.690176746390318341e-01,-7.673655329327205843e-03,-2.682296356260961412e-01,-2.418138401996957620e-01,1.382442679152440235e-01,2.488001686113519018e-01,-7.443328111919260415e-02
3.723648412535817132e-01,-1.664413709026972207e-02,-1.052805588520647120e-03,1.362606536300410287e-01,-1.864799404016251883e-01,-1.776239090591603675e-01,-1.551749576513631323e-01,1.458126058415668003e-01,1.925452216401660199e-01,9.152712574371469137e-03
1.665859327184268102e-01,-1.129369913948598397e-01,-1.145101690130904265e-01,-6.337951512454112653e-03,3.481488408521651312e-01,-2.684614443377301152e-01,-3.727298317235520908e-02,-5.142095789168240477e-02,1.863003151694304083e-01,1.841896543619124804e-01
9.376591779633135226e-02,-1.128068339958593763e-01,-6.761382667750150122e-02,1.078110967837520306e-01,2.230484267646015983e-01,-7.639171674823401481e-02,-4.359880245900694951e-02,1.676241341463094101e-02,8.458633630615311483e-02,2.057156908130166606e-01
1.021467572702648291e-01,3.144397648532430700e-02,5.522246017103502047e-02,-4.378610743065175503e-02,1.329107446684409388e-01,-1.550138588124985173e-01,-1.667423565003082198e-01,4.855092853767923461e-02,-1.800622892397094749e-02,6.392446327642369031e-02
1.893680292731031445e-02,4.150571050993126510e-02,-1.547062383911021188e-01,-1.831639544316476242e-01,2.008074010030578838e-01,-4.364199330737938975e-02,-1.180123642155150171e-01,1.164369604320037305e-01,-1.046887121073871718e-01,4.689344486841204307e-02
3.592132037901047958e-01,-1.162723919561231695e-01,-5.972367255283610177e-02,-9.806306494660682604e-02,-8.316728745852289273e-02,-1.649793060893436913e-01,-3.337965318184110686e-02,7.178781538411677099e-02,1.655696693616465209e-01,6.550567284427895320e-02
2.731665502595991279e-01,-1.977978509517589190e-01,-3.249357031310401989e-01,-3.170084725020701488e-01,-3.245308791139801807e-02,-4.324121719761132160e-02,-7.911384614914464264e-02,3.543991680095080060e-02,-8.369088723551134160e-03,3.015360511789211273e-02
1.151949229575407879e-01,2.108285008503890320e-02,-1.602186624279271221e-01,2.159425138911820752e-01,-2.460220619796125389e-03,-6.545844965638121515e-02,-2.524198612566370126e-01,-1.345095726232317657e-01,1.298713583267676330e-01,1.823290793580971680e-01
3.847005569244095202e-01,1.521199339458229327e-01,-1.574485532759893613e-01,-1.271349415454572085e-01,-9.216762541056616742e-02,7.273712364441438372e-02,-1.521745941346140940e-01,9.450822680045461999e-02,6.308749821803916191e-02,-1.730367825704257068e-01
2.529394380736357806e-01,-5.445155099626322603e-02,-3.677335175674411594e-01,1.167149686785975971e-01,4.652068699139292329e-01,8.640011592453406388e-04,-2.634007136598063292e-01,5.926141583255395417e-02,-6.753710894321658664e-02,6.744139721953208710e-02
2.981032354954907260e-02,-9.891277622863821339e-02,-6.842845892136269204e-02,-2.288970708124686837e-01,1.252661777281284250e-01,-1.252502092848123416e-01,-1.734456431055563241e-01,2.435925717151622705e-01,-8.188845494567606464e-02,4.741456484550805872e-02
-1.012807913990546385e-02,-1.766338719397625712e-01,-8.701358289243972532e-02,3.074614480484773593e-01,-2.172776281027019030e-01,3.728160344596297571e-03,-6.252845583396876572e-02,-1.435908106791395356e-01,-7.086046849948918203e-02,1.244046369413328718e-01
-1.291229217586350175e-01,-3.230592072173819607e-01,-2.622741812389688121e-02,-1.019526424044402135e-02,5.181185650438698831e-01,-1.247902032950844176e-01,-1.098194606639921050e-01,-1.184436690093366440e-01,1.346839646959850367e-01,-1.019299993118270992e-01
1.586862708737741823e-01,-3.832942057334677577e-02,3.232773703129679377e-02,6.619979859976539427e-02,-2.008071014379088637e-01,8.829820387742400023e-02,-9.331881386315506177e-02,-7.789928977275586974e-02,-2.943765547960763493e-02,6.334884521655988199e-02
-1.219104366775344978e-01,-3.607215887264038634e-01,-2.428044482795126691e-01,-4.495381287760509825e-01,-3.226015284937020500e-01,-1.264169125799177451e-01,-1.363215555331387940e-01,1.005336239375781426e-02,-1.432623481928251841e-01,2.603519406757892618e-01
8.946356172221740788e-02,5.743608977967361306e-02,5.996356421988193602e-02,-1.699517582272866423e-01,-9.167680280061890619e-02,-1.557194879433394519e-01,-1.390839849022105223e-01,7.513994970868756451e-02,-7.922114805052563047e-02,1.970978954586597998e-01
-9.482956805065913264e-02,1.971654129745778750e-01,1.187260637047305861e-01,6.367202882524043706e-02,-1.622240690012342057e-01,7.551417383209459155e-02,2.705174212404397038e-01,8.990462427341927576e-02,2.178485976720378470e-01,-3.673838296884236396e-03
2.191072633261340885e-01,4.202143049815208753e-02,7.392592418192577008e-02,-2.871343744294782563e-01,3.744065865621377248e-02,8.195376489293675071e-02,1.738656081199905223e-01,2.004625757310121714e-01,7.591765988578430546e-02,8.848796285381478610e-02
-2.752433978630554074e-03,1.755340351521722242e-01,-3.591386847976942021e-02,-6.766159032422236486e-02,-1.407377859549224508e-01,-1.843579263667578516e-01,2.110718145944957547e-01,-7.351782266962385293e-02,-8.162413635909365750e-02,7.010983362318272405e-02
1.472264253875275597e-01,-9.973273306583417541e-02,-1.886626881217249585e-01,-1.085444379338141585e-01,2.609256796485078661e-02,-2.206501541152691703e-01,-3.620407727564065037e-02,1.402610351576732417e-01,6.945113293493337947e-02,1.146209323961402439e-02
6.002861748935246072e-02,7.770812310982637416e-02,7.673327393558714016e-02,-2.052862524746958406e-01,1.797032682566038764e-01,-1.413678487171083839e-02,-2.937137947810686961e-02,-3.511566371228794919e-02,2.081545699699230978e-01,-2.763868384859178434e-02
1.710280682784188766e-01,7.571687471237725786e-02,-2.817173766466292695e-01,7.706410578907413322e-02,8.246218552449660621e-02,-2.754203981201619467e-01,1.593059852168647317e-01,-2.256960637758707519e-02,-1.263772927524888789e-01,1.618560011624001205e-01
2.726801974874559775e-01,-1.602359569331711364e-01,3.759771196082047073e-02,-3.297434696504436547e-02,-1.746108796578586531e-01,-2.265221099938925509e-01,-2.366011820481609546e-02,1.049990099902885221e-01,1.965088767098390199e-01,1.986241471131695580e-01
1.234923033045880053e-01,-9.305824578444057277e-03,-4.490674282372147941e-02,-1.251954059431243660e-01,-2.273884564134481812e-01,-5.952344850131860779e-03,8.130614645668036988e-02,1.212488607408413743e-01,-4.087506805596848036e-02,1.875297745584766917e-01
9.290283639412054428e-02,-6.703366240945886345e-02,-2.822305667215974090e-02,-2.172448441393324825e-01,-2.141938944844762327e-01,3.900512706271780372e-02,-9.977002718552339944e-02,4.071124631093765017e-02,-3.753551243234849732e-02,1.114090338148881337e-01
5.817953902756233669e-02,5.659709290894571199e-02,-6.741202565181668438e-02,-2.187420352908079346e-01,-2.125352941216589464e-01,-1.081304773291344862e-01,2.723140606627817706e-02,-2.153313095330516500e-02,2.235462296282318406e-01,-1.765715484555934189e-01
2.695042349573464197e-02,4.398036136202414237e-02,-6.998629249087734081e-03,-3.140002822028928331e-01,1.629323150354930472e-01,-1.662868144580512131e-01,1.012500694646151916e-01,1.088246612263951141e-01,1.279249173507558124e-01,-1.286225816708232335e-02
-6.361125615209593798e-02,-4.989812334170315444e-02,2.215618593439766873e-03,-6.088287424553173732e-02,-4.432187538073293354e-01,1.625083498218310996e-01,2.407528557125517832e-01,-1.958026227437835720e-01,-2.367453039391816394e-01,-5.810583425202855978e-02
-1.001458432755605726e-01,-2.234056019043336450e-01,-2.529098472697007827e-01,1.833730853095758562e-01,-1.320191951532943275e-01,1.108170437755708893e-01,8.200896188742294590e-02,1.620033104128947299e-01,1.557662020456046514e-01,1.680178390327449200e-01
3.156000117029077456e-01,8.925073860534772641e-02,-3.311387360661241508e-01,-2.897933225929836820e-01,-3.610435664776219244e-01,-1.189787408131536411e-01,1.469048098738889307e-01,1.900929651384009739e-02,6.646978136013470539e-02,2.085695056660513691e-01
2.684397373924330976e-01,2.529314459365966661e-01,7.032116409450067315e-04,-1.480422320953697635e-01,-3.156597773880800428e-01,1.732437140984573465e-01,-1.768082545622669255e-02,2.222576056632209474e-01,1.188867268935897559e-01,1.339596075743533232e-01
2.820189712353136091e-01,1.361526769348002930e-01,1.856962249134340992e-01,-1.211928842693477670e-01,2.594162358613469332e-01,6.310235983325718223e-02,1.821576062526904516e-01,4.989319566545549062e-02,-6.821563549223121081e-02,-2.204447786768746753e-01
5.282792160901009920e-02,1.221500586058293647e-01,-1.879485946350684944e-01,-2.601634585291837110e-01,2.958136622454626830e-01,3.683163667542540404e-02,-1.930655101174182098e-02,-1.797300278761811421e-01,-1.201192502949049445e-01,1.680537021047472934e-01
-3.180132604723535233e-02,-1.844503546721941098e-02,1.654962888869513093e-01,-2.954929909450342840e-01,-1.617294326124560921e-01,-4.038547181865533020e-02,1.685075563001279808e-01,-5.818506609909834121e-02,2.860935362352870145e-02,-6.131562642539631347e-02
7.735962447282236643e-02,6.667766066888690391e-02,-1.077374487628115912e-01,2.546949356208596041e-02,-4.688406251144176112e-02,-3.012655153528251972e-01,8.742459714999580023e-02,-1.399720917995940783e-01,1.842157274505094033e-01,9.307680354985507776e-02
1.700282698772930812e-01,-3.276220792210578214e-02,8.970851319038249116e-02,-4.010779258887811616e-01,-1.042576389399019199e-01,-2.160755659656499184e-01,-7.308996909349748392e-04,1.165388943347933220e-01,-1.597456219732238947e-01,1.293013993217635993e-01
-3.504293993123903245e-02,-1.836083218431703024e-01,-4.380974225385340926e-02,-2.390535937611386053e-01,3.154414479920111120e-02,4.932628162295464580e-02,4.414485779143274835e-02,1.333862322056803273e-01,2.286445095170648867e-01,6.185134779123809684e-02
1.800415002396626440e-01,-1.436968825733911728e-02,1.691438754234716735e-01,9.076497222947824128e-02,2.534871298095939807e-01,1.702272099664093874e-01,3.225028486367340630e-01,7.280577012549771521e-02,6.154094798123359300e-02,1.246003209383745175e-01
-4.424008092895429650e-02,-8.832140550045376737e-02,2.577229975871895840e-01,-4.432332800503135939e-02,-3.085046553718835405e-01,1.728228112128480931e-01,-6.796565529001276362e-02,1.867494754432619808e-01,-1.249655048850242395e-01,8.552870641677058627e-02
-1.195076464154026796e-02,3.706293913407971430e-01,1.790749526307541340e-04,1.330270163220614310e-01,-3.356093921865044294e-01,8.911855112185392003e-02,7.171063473810716793e-02,1.916074679515661350e-01,-8.847406432296744949e-02,-1.009572545074349618e-02
6.687875267736324847e-02,3.985696487448917025e-01,2.535952028744596354e-01,-2.160395296923661376e-02,3.292097050310275469e-02,7.338387998517194311e-03,2.103896837388982699e-01,-6.690008457716763689e-03,6.126948076281038894e-03,-3.044194025673809811e-01
3.555972410270307610e-02,6.239299708851354237e-02,-2.097509973146265139e-02,-1.448682774153328516e-02,-1.398905386801976847e-01,1.975532106353639628e-01,2.083783756310845225e-01,-2.295787986516855880e-02,7.730673413948049855e-02,-8.052474347559064605e-02
1.179416387187369325e-01,2.729332505452229385e-01,2.645496147734192616e-01,-1.664237434977639540e-01,-3.330844653447354586e-01,-1.449358415505024866e-01,5.368578521201677889e-02,4.149209776990888526e-02,6.518021505664559068e-02,-1.034247666196689702e-01
-2.702194154976127888e-02,7.253871635653648398e-02,5.368017256414624183e-02,-1.190483179412039072e-01,1.266273943667587179e-02,1.572585896222487012e-01,2.229323126430746149e-02,-5.430406714948107089e-02,3.430505987316528373e-03,9.863032136464565391e-02
-1.932781665272658711e-01,2.836221846361366983e-01,-1.826709908121914860e-01,-2.822750984030598584e-02,-2.228456517745110443e-01,-1.242679476205169747e-01,4.972897038730580976e-02,2.201892312405015137e-02,-2.071047590041599218e-01,-2.185691635384392484e-01
3.877199722750603872e-01,3.541851463392838295e-01,-2.749195220901149983e-01,-2.576100641040876549e-01,-2.853717524161005770e-01,9.399664489310417814e-02,1.868825606121716221e-01,1.487066671637866239e-02,-1.393809595485080710e-01,6.742880738259067475e-02
4.944871379460139549e-01,2.148369308261675881e-01,-2.062900477110803654e-01,-2.126384746350819532e-01,-2.492843262168062124e-01,1.515357348697287110e-01,-1.187055781535734517e-01,-6.730564660899171492e-02,2.422945698152310090e-01,-1.243472731897220067e-02
-1.600012795079971406e-01,8.069515525977023762e-02,-1.240394721617983781e-01,-2.692598790688216503e-01,-1.775357424469278800e-01,3.409699267881945162e-02,-2.106975422015976845e-02,7.180726356597418036e-02,7.145718226533373518e-02,7.549635211487266961e-02
1.466897935553334031e-01,3.131429130043369979e-01,-4.818834161923067350e-01,-2.165553727489588631e-01,4.212138237096680650e-03,1.662884065125755373e-01,-7.916026757701645489e-02,-7.459802532321928303e-02,1.828750370117483426e-01,-2.129816430573176489e-01
1.113509613347656996e-01,2.708105115457996523e-02,-3.259925582251720910e-01,-1.791169596656209118e-01,-1.678883191780862205e-01,5.426549673074440930e-03,-1.529945899453295510e-01,1.127580628549452735e-01,-4.823045449426879849e-02,-6.766048869047643077e-02
-1.252224701326290490e-01,1.743061078219739490e-01,-4.105900417747557207e-02,-1.427077752129845001e-01,6.959381597972011391e-02,2.022428575516676576e-03,3.688149207592927858e-02,-1.870163081948585382e-01,1.325958339119940321e-01,1.165498457796091819e-01
-1.158307838068457774e-02,1.587391767047518359e-02,-5.840738785197360783e-02,-2.184544789964565359e-01,1.871511097253421019e-01,-1.943855955700889981e-01,-2.069410945140258695e-01,1.067389294385709675e-01,1.839455064754453306e-01,-1.789832060868251640e-01
-7.975082437733201079e-02,-4.323711616199263363e-02,-3.187504961226118039e-01,-3.397501865394146336e-01,4.071682102582436374e-02,6.383787462153187042e-02,6.679816199372078100e-02,-1.145787593587153513e-01,1.836316206227138759e-01,-7.939215632290396590e-03
7.198902436554051451e-04,3.623442653150278376e-03,1.000959806873707308e-01,2.064478763700347205e-02,1.920531773551329424e-01,2.583829708384259849e-01,3.329430923689038480e-01,-2.989576656071700825e-02,1.241493946344071880e-03,7.564245314562421940e-02
-8.615858388729054351e-02,2.970557324038780034e-01,-4.522639893361672658e-02,-1.744466205685181182e-01,-4.800385029921104829e-01,7.165336083072555706e-02,-1.979151618780439909e-02,6.003247431056189798e-02,1.166703589425229504e-01,-2.587710410526577326e-02
5.166364923579456342e-02,1.512033219488627400e-01,-8.412960634386980330e-02,1.016942362157011448e-01,-4.537385335245508466e-01,-3.065156459283668519e-02,-5.603548846651813797e-02,-5.666851882424834425e-02,1.113018989088710164e-01,1.745586496627061779e-01
-1.690852269794878016e-01,-6.438345236450768172e-02,-2.643534550793790738e-01,2.079356690718915310e-02,-5.741193586889247191e-01,-3.228825018577829997e-01,-8.263396019415113203e-02,-7.148300660837980658e-02,1.863229104302665529e-01,-7.157230107678529130e-02
-7.870773385439390479e-02,-4.327466251469183622e-02,1.166728349841658768e-01,-3.318427698265803694e-02,-1.699707054258003947e-01,8.524525403704795445e-02,2.903539851012509887e-01,1.509260577422349980e-01,-1.776256687713366755e-01,9.874929519892118243e-03
1.618447838790535442e-01,7.115248102981112932e-02,-1.057531676711735286e-01,-3.285551464767706986e-01,-3.681956290610267635e-01,8.670170878936352132e-02,1.435897485456724687e-01,-1.394833386409787268e-01,6.213973336770677730e-02,6.050763674475849452e-02
5.536501211843040254e-02,3.046461758156488453e-01,5.992684732131930980e-02,-4.006418836530371147e-02,-3.582598422555508533e-01,1.187393364625562303e-01,1.269951444325938539e-01,1.500349986315402395e-01,1.075545861061486530e-01,1.032666411105467169e-01
1.043044699206150533e-01,6.317335230576585914e-02,7.971758392637527668e-02,1.205800867859196379e-01,-7.525213130702917974e-02,-1.034002921886808674e-01,-7.962663179048463935e-02,-9.616802535731744372e-03,-3.597815648031221780e-02,4.083014451252583304e-03
3.721580105904138680e-01,2.975203795563837739e-01,-3.577696060476165951e-01,-3.408289682456883685e-01,-6.071413993482611682e-01,4.105595097988611331e-01,-3.195409418871496265e-02,8.594619193610392172e-02,-1.501733390967418535e-01,-8.168290250406719244e-02
2.201734290305467634e-01,4.918582978736716349e-01,-3.451179957095344419e-01,-1.044626401203913590e-01,-3.329908214561718705e-01,1.807995567160398664e-01,-7.290009118276423450e-02,-2.743570632544170204e-02,1.426618796512397758e-01,1.998310324050368153e-02
-5.811661880406675945e-02,2.000838174524242896e-01,-3.618068053624126645e-01,-1.788904657769668782e-01,3.660849960013028907e-04,9.087999011741756256e-03,-4.197255028696103563e-02,7.281510059460445661e-02,2.396119780216349748e-01,2.693107560051884175e-02
2.548123276817904331e-03,3.121313110513285749e-01,-7.814279247496615233e-02,-4.007620217519246020e-01,2.141900491803656603e-01,8.833128322519580300e-02,1.375040870272321025e-01,-3.042777351469875061e-02,4.495341098831731608e-02,-2.480866430903257980e-01
4.768936479727594463e-02,1.526198355753373981e-01,-5.048973803693596052e-02,-3.139188375013288179e-01,-2.169621758367912823e-01,-4.199010666732640867e-03,-3.841526274020552745e-02,2.247051629315237678e-02,1.165270476107018414e-02,-1.115103998521154577e-01
-2.695811259388747327e-01,4.575774054446700434e-02,-2.662467687090890878e-01,-2.482806911233663150e-01,-1.711736747810100462e-02,9.798362135937625783e-02,1.099529886671719511e-02,-4.627658656898649830e-02,-2.811285828069598133e-02,2.750712149789370509e-01
-3.328128317188298047e-01,2.547202187807075524e-01,-1.180565263559562733e-01,-1.034653192128282828e-01,1.510208774586453417e-01,-7.699360278154409318e-05,1.018535889666789679e-01,1.247853449047491708e-02,2.871431469486180818e-02,4.252818724291347607e-02
4.823476138731979529e-02,-7.335167382773240263e-02,-1.979257408862083734e-01,-3.455829175906685591e-01,-3.677075383550993948e-01,-1.110861211567237689e-01,7.871588184018139811e-02,-9.979806476709765506e-02,1.609978392753371457e-01,3.480019893860339386e-02
1.160019458092647199e-01,5.905758954722215709e-02,-2.650533304368066223e-01,-4.070836026988858269e-02,-4.769522166977104849e-01,1.013892323873560528e-02,-3.925940210097949024e-01,3.421015791443441723e-04,2.268702276868835299e-01,2.225080461454587710e-01
-3.166437241509392070e-02,-1.091188861918209324e-01,-1.362389567923319167e-01,-5.557639521599793547e-02,-1.873604199647028179e-01,2.038978970987527228e-01,6.761749039547558515e-02,7.073742756444076352e-02,-1.114046431773644402e-02,2.673621666768579708e-01
-5.299881404675186453e-02,-7.857060208894421638e-02,-8.222385112840428778e-02,-2.284428036690804853e-01,-3.551341904513386494e-01,1.970290181634065108e-01,1.355700006213885200e-01,-1.330717084182669874e-01,-1.782407024414944252e-01,9.908874493488924184e-02
8.637358511479796552e-02,-1.440236410583125848e-01,2.409524703029728709e-01,-1.375901217248209907e-01,-4.005626191015425608e-01,-8.927325986968732974e-02,3.238222899788533171e-01,2.415857253368255408e-01,-5.855745274395503588e-03,1.073305547793633880e-01
-2.057683475024668727e-03,3.310695524093249520e-01,3.322396089868345226e-01,-1.143439274566614705e-01,-2.338925915245166354e-01,9.715966977204877619e-02,1.592431688350218755e-01,1.278599490608002820e-01,-2.703350794451780947e-02,-9.900428147120547695e-02
-2.532583548541513241e-01,-4.059199919573827642e-01,1.005689027005402109e-01,-9.139959406622993887e-02,-1.299827323732158368e-01,-1.483841533538827751e-01,-2.211195472828255126e-01,4.359968015806722080e-02,1.471755263914724110e-01,2.096735131950175357e-02
-4.478437913591973817e-03,1.855086750206591875e-02,2.638256081233026351e-01,-2.609405575886789008e-01,-4.826855536436789329e-01,2.100466376628533083e-01,-1.201208860187875788e-01,7.297033120977658438e-02,-7.799857478424054857e-02,5.710252219797543050e-02
1.044007909286129993e-02,2.349832868560931820e-01,-3.142034237358221765e-02,2.090388872064816508e-02,-9.430416015799747420e-02,-9.410626449728100307e-02,6.299032814805821667e-02,-9.627678645342052643e-02,1.378147790247422344e-01,1.494245784955888778e-01
6.217959103486461053e-02,4.764626116225338381e-01,-3.851230667475346592e-01,-1.648714286416056440e-01,-9.762462696407540538e-03,5.320943561003754763e-01,1.202924457235603900e-01,-8.011925073619433069e-02,-8.048512904489840691e-02,1.328565288829899327e-01
-1.080945060064642388e-01,4.880028689974179046e-01,7.089682258347684840e-02,8.143997176257763981e-02,4.710527245470293341e-03,1.409298653086321074e-01,-4.627892022840390807e-02,1.777056400201811881e-01,2.338455761341354244e-01,2.520534273762571331e-01
-1.572122729159336485e-01,3.584471157796604301e-01,-1.614201975524432731e-01,1.175892259461949196e-01,-9.355625564275005246e-02,9.237344937157092317e-02,1.905110795090946829e-01,-4.407560795478527443e-02,-8.791517073596349929e-02,-2.738691633014257443e-01
-5.471494743297095759e-02,4.135247923861153363e-01,4.126969844598929460e-02,-2.831844493883741154e-01,-1.336449853885789997e-02,-8.692420967172088953e-02,1.911203777915299606e-01,-1.490658420386394845e-01,-1.791053393002223770e-01,-3.216586798506567701e-01
-9.754609131601522931e-02,1.785965317489549287e-01,-2.160393838653798804e-01,-1.043466648384254458e-01,1.460351459346231895e-01,8.428193018557382510e-02,4.511073493312243998e-02,6.535243655428163434e-02,1.499486969270745207e-01,-9.614095621983125006e-02
-3.504411819797651484e-01,1.044217311199829162e-02,-1.133889481073094146e-01,-6.860160017313329806e-02,-5.049138821017628426e-02,-1.792742949170086364e-01,2.526701529290824311e-02,7.139404417684436233e-02,-1.377392230300106268e-01,-1.676742223993396008e-01
-6.897220047118886310e-02,3.149033975059987722e-01,-1.400375967127137355e-01,-1.036907360621838747e-01,-1.040860606598906224e-01,-5.294302765003325861e-01,-7.058961624260713663e-02,-2.140354345671752548e-02,5.720070581127024295e-02,-1.928493663423554438e-01
1.171972335518800395e-01,1.474427120397777953e-04,1.330040561360621154e-01,-3.153664652831908444e-01,-2.816188538240860240e-01,-1.811123055770797463e-01,-4.335406153836119936e-01,-4.070232493180212657e-02,-1.393088229500699937e-01,1.368631383858865957e-01
-3.792086377479348541e-02,-8.721859824699072783e-02,-1.581458479095349812e-01,-1.801269840653411669e-01,-1.788724435078488662e-01,-1.768349784052378193e-02,-2.325348514435711667e-01,1.137643976054825701e-01,-1.137952589954585592e-01,6.725273142167896567e-02
2.300319942066616219e-01,5.056097273576749644e-03,-1.535945220577757953e-01,3.341711676826916028e-02,-1.018876540178849655e-01,-1.367548442618207738e-01,-3.387358145008008414e-02,-7.464543175164212174e-02,-2.230450110831178404e-02,-4.715868807545110786e-02
2.171183566883802540e-01,-3.354852247974174362e-02,-4.879494735195583077e-02,3.082617893755590713e-02,-5.857592222645808810e-01,1.562427212683532018e-01,-1.563396521181407706e-01,1.222341811629774899e-01,1.807562640930572284e-01,3.994716806297479716e-02
1.308442192397515358e-01,-1.014290734257009691e-01,2.136899376182122279e-01,-6.209097365569318967e-03,-1.658141927942144989e-01,-1.575592921785659017e-01,-2.227883901484966067e-01,1.186156331794606389e-01,1.610381580992749084e-01,7.684183224847555838e-02
-3.268329004106624441e-02,-5.026207249185392356e-02,2.061096707630132585e-01,-1.351240916698964178e-01,-6.081280783572450277e-01,1.030898049196451033e-01,9.237956517924424127e-02,1.073306188843001496e-01,1.101277733994182606e-01,-5.682440378908336365e-02
9.738364540668066616e-02,-7.502997551532024356e-02,2.823066856649531498e-01,-1.828113581386282549e-01,-5.049385787047109275e-01,2.834223362033624349e-01,1.420222877897081744e-02,-1.688326388885609819e-01,-4.355891508460435491e-02,4.619577139344954730e-02
3.652424986019229408e-02,-2.883563475751925176e-01,1.253632523124470766e-01,-7.778080411991225573e-02,-1.594259382765566557e-01,-7.775068080403781112e-02,1.081446478865106392e-01,8.277280376909806892e-02,2.124279545644116030e-01,8.592542330353696023e-02
6.773385859012193665e-03,5.782473850533439985e-02,6.496690901061094592e-02,-1.774513257619114714e-01,-2.267915104532964980e-04,-1.008250670724932102e-01,1.716833186666733568e-01,6.178303121046489071e-02,1.931418374843914543e-01,-2.217857660258420460e-01
1.638481863753837864e-01,1.825266203191097947e-01,7.599862937693431519e-02,-6.384369059962950732e-02,-1.638613022377502504e-01,-7.009952610624257952e-02,-8.177630154301394894e-02,8.520709295553643980e-02,1.328159285095146247e-01,-1.059326137053894466e-02
6.401485968851551578e-02,3.549291263677786801e-01,-1.097253837338196467e-02,-1.025415715195015787e-01,-3.627862481087006791e-02,2.534357375596465317e-02,-7.240087043942454448e-02,1.738216517617237611e-01,-1.086566929819318128e-01,1.681068037370681001e-02
-2.718272944106493449e-01,8.431255745489578401e-02,-8.820955170669168843e-02,5.091517797394919109e-02,1.584092891785879864e-01,-8.578077592091319648e-02,-4.889220416483566756e-02,2.839259901126582001e-03,1.184590566938980155e-01,1.415740168926624652e-02
-2.086213114120354373e-01,-6.784257568550620780e-03,-2.374522074745606670e-01,4.505122810588782500e-02,1.513755146257504958e-01,2.040917596388010513e-01,-2.079910743306339627e-01,-2.902529782274713369e-03,-1.556387262899952550e-01,9.340356965040834403e-02
-3.614049940311431230e-01,-1.243883468970650580e-01,-1.874179289279833405e-01,-4.768789779039529081e-02,4.236975339438494442e-02,-1.574814915907891133e-01,2.247962402075794341e-01,1.193671973370849515e-01,-2.045115354760010731e-02,-2.515517907035853540e-01
1.520047260541477763e-01,4.011724586779931712e-01,-8.037533754561153321e-02,-4.183032288065791776e-02,-1.331767225065227933e-01,-1.072307670801304208e-01,4.028724990122481420e-02,2.020090460416936948e-02,1.443864552438015592e-01,1.569915600709201886e-01
-4.770273878185150168e-02,-1.457809635348377986e-01,6.312838875659174120e-02,-4.694398421740042515e-02,-2.585492523090802131e-01,1.084710289728144511e-01,2.035763009580403640e-03,-7.417873270656615003e-02,1.820245824714541438e-01,2.006597803882836928e-01
1.965482321183846248e-01,2.203513918691639428e-01,9.251505093921512379e-02,5.562064318802605045e-02,-3.522040347627646284e-01,-1.069904972511572239e-01,-3.050097107263010088e-01,-2.065394938682544451e-02,-9.932972820560321062e-03,2.499033872524393518e-01
2.664016489440028390e-02,-1.469460466831842005e-01,-7.123616295887175154e-02,-1.878348179769077642e-01,-1.390367850183087395e-01,-1.089246795250317645e-01,-9.095664830837461856e-02,1.192050175397559031e-02,-2.568626337110961264e-02,9.379897093191967572e-02
7.354771197980629338e-02,-2.007280518359631782e-01,4.281218686033494425e-02,1.478717240438866543e-01,-1.173016625721739516e-02,-6.144448484041054037e-02,-1.035561804741400443e-01,-1.788418368082464460e-01,5.336416180680814136e-02,1.563146165329658555e-01
-1.047499037069372779e-01,-4.813560820469639512e-02,9.204194657946294933e-02,2.087210493877203824e-02,-5.049391599883633619e-01,2.957734111963694623e-02,1.385465301013205641e-02,-8.367933390082446521e-02,-1.298607882896386512e-01,3.106288983422648142e-01
6.359090707756719953e-03,1.897111368355169567e-02,3.506874488803830014e-01,9.984227368571904626e-02,3.980272468195481667e-02,3.738108337425595507e-02,-2.418291525828395599e-02,-1.349760430898168939e-01,-6.920738593094742652e-02,-2.870624130753633013e-02
2.090579985216675651e-02,3.072048736719183368e-02,8.268884248091916411e-02,-3.196513432764326590e-02,-2.683298478520496078e-01,-4.816715218352662919e-02,4.383789293302300383e-01,1.108863125493607243e-01,9.378302979138353201e-02,2.032749629439414285e-01
-4.111350567169257814e-02,2.704145194795400386e-01,4.749342451593029091e-02,-1.492461947135752531e-01,-1.726906291797780657e-01,1.926035142723964699e-01,-2.186300534331068936e-03,-4.342477065653498752e-02,1.045325693061837091e-01,1.205332256217482717e-01
-2.973619715537556552e-01,-3.880378920566351364e-01,-6.617264750106226223e-02,-1.152438320286051920e-01,-3.854360077515218697e-01,2.510052329095580070e-01,1.636890166068162844e-01,4.657625858836398486e-02,-4.143716413557615996e-02,4.905031013351756133e-03
-7.764762727843678436e-02,-7.889772352558403756e-02,-5.959656407644089993e-02,-2.712934519793001355e-03,1.735743627727238669e-01,-4.508665735288605592e-02,7.164310030042085609e-02,5.232683749790231070e-02,-1.324218429095559424e-01,1.150324631103698397e-01
8.036405197387146149e-02,-8.075888777488406112e-02,-6.711159559593525559e-02,-2.139733967132788697e-02,-1.179261517889285127e-01,9.536755464840092344e-02,1.331817900634857110e-01,2.130140375388397955e-01,9.463189664897331266e-02,3.290789627310503063e-02
-1.413934764173322423e-01,3.414333840838378875e-01,-3.230254742632080508e-03,-2.236292795657566224e-01,2.230424936209754461e-01,-2.101534511778546666e-01,-2.887110602735705189e-01,-5.539141789674459533e-03,2.691107498281551380e-01,2.142231834104182386e-01
-1.890768293118097465e-01,-2.149742671458347923e-02,-1.532811774209158207e-01,2.637807670821097350e-01,1.054395702351134390e-01,2.685401712643692429e-01,-1.838394408779959743e-01,2.113676295179340303e-01,2.055143518706985528e-01,1.040100069510833530e-01
-4.396859709400093852e-01,6.248636227460884207e-01,-2.625803959430332291e-01,2.841823666790868619e-01,4.241623644451699704e-01,-5.127418431095717710e-02,-1.436587538281975385e-01,5.220471484098402476e-02,-1.298499264012929755e-01,-2.571940168530514326e-01
-1.009760608833952106e-01,4.572609663581165976e-04,1.552347212138227295e-01,1.731872646515156267e-01,1.596097084440772362e-01,-7.292335188151807812e-02,2.084465139486779695e-01,8.920301605849778603e-03,3.757788508924571336e-02,2.247552474666797417e-01
-1.253765278366242020e-01,1.808370504870439877e-01,2.348036032778878790e-02,-1.833043795403814236e-01,3.381226768898086821e-01,-1.684712608169121051e-01,6.981553981921527485e-02,-1.248412144803751761e-02,-2.087510781751780731e-01,-1.078813764768042499e-01
-2.474019562161239305e-01,2.188411357670337065e-01,3.203894347842113910e-01,3.638669124150794004e-03,-1.930562888970539515e-01,1.447285738281292589e-01,-1.009769187148988195e-01,-1.015419682063073148e-01,-1.519312455573506027e-01,2.151079061820393434e-01
-1.799255520359103744e-01,-4.015925315245666427e-02,2.093984220773609517e-01,-8.280100406748774899e-02,-4.210567506928173526e-02,-1.232031310483400893e-02,-3.032770845120988934e-01,-1.336908142230502916e-01,-1.056166540092759731e-01,2.321586332704373978e-01
1.154525021396610313e-01,-7.636829140447829942e-03,1.503444730211636882e-01,1.325369556230847068e-01,-3.587425355161871776e-01,6.389087271157109504e-02,3.043898117326788999e-02,2.097628293687559542e-01,1.782541698204369029e-01,3.024939598601793511e-01
1.099292004517726795e-02,-8.744597847688571901e-02,9.946353227634459337e-02,-2.317628940103337934e-02,-2.196276931189418691e-01,1.485617317928052961e-01,3.193928105000912177e-02,1.150393248970870697e-01,1.255306094228589020e-01,6.540849852669712583e-02
1.529316506030435341e-01,1.009812711848564054e-01,1.691010561753146513e-01,-7.817997637791218590e-02,-2.054657002045441327e-01,-1.420535576188425297e-01,-1.664295262759766802e-01,1.745743583087631112e-01,-1.568947022267788011e-02,2.145502420898034446e-01
-2.821520801931864941e-01,-1.037283657733513303e-01,6.865718398806287814e-02,2.814191089020980432e-02,-4.060545107574733414e-01,2.944921992606092109e-02,-9.320585119773720784e-02,6.822860773830521919e-02,-1.025866742418363731e-01,2.003609689831714613e-01
-2.055087868981383958e-01,-1.096135188863460591e-01,3.928748967789294499e-01,5.167557689329592419e-02,1.795188526413140084e-01,-1.118743269244928257e-01,-1.719650648807655169e-01,-3.620948877994724369e-02,1.825544009107497034e-01,1.285366164187660698e-01
-9.045581957395822104e-02,6.766837521812989198e-02,3.828125421400048745e-01,3.392382273582474073e-02,-5.798229331126892455e-02,-2.875631794322290880e-01,-2.553787195897797013e-02,1.648621687105606970e-01,1.946964208865816226e-01,3.971488412424060144e-01
3.591919654708967263e-02,-4.340561865250582019e-02,4.800835878851365812e-02,-1.339932537310558613e-01,-3.058203879389231883e-01,6.628517050480074550e-03,1.959260454814516494e-01,2.860627705527298351e-02,1.963949697789593718e-01,2.523829621534088435e-02
-1.934034941600509816e-01,5.241880427090870320e-01,1.639923533114388265e-01,3.196762900162779947e-02,1.828339539781184131e-01,-2.056885112477279676e-01,4.907268510441624709e-01,1.926844070435299594e-01,2.196623486723560739e-02,-4.313823017079213007e-02
1.277171762614155159e-01,8.319940111935840432e-02,-1.882885769106882046e-01,2.588041451718543495e-01,1.777564090788790185e-01,3.296493343780512730e-02,-7.261779826961912987e-02,1.099531321054541821e-01,3.296911731798136957e-02,-5.658215135979435817e-02
-2.304706454950845584e-01,4.561232237972607240e-01,-1.583329444186627744e-01,-1.342291155421575510e-01,2.247714913386185676e-01,-1.143186225441032294e-01,-4.239966899635322362e-02,-8.789900690202689937e-02,-5.825782190362077673e-02,2.061919502554941941e-01
-1.843068428896956212e-01,-1.008310074184743180e-02,5.529831377375354906e-02,6.834930851454896518e-03,9.621697774442275475e-02,2.857330176657775223e-01,-3.458125225286838855e-01,-2.458726476839074790e-02,5.479525678610319001e-02,-6.403569935376580979e-02
-1.440785862784406401e-01,1.763102149420541498e-01,2.341332747705967832e-01,1.156084395256737896e-01,4.438447196289582175e-01,4.917697930557117514e-02,-1.353030531613222676e-01,-1.751414972603491105e-01,2.003512309028095406e-01,2.006584339573123099e-01
-2.353973351253307172e-02,-3.123310448696990371e-01,2.824196455956114460e-01,3.081304656574091264e-02,3.488743782846416286e-01,7.186137044990480172e-02,-3.236584664059966726e-02,-1.039680309004957226e-01,-7.070906625972656068e-02,-5.186112044072734018e-02
-1.867302196645826973e-01,4.627072084773561911e-02,3.006154496729981918e-01,1.212982613241830598e-01,2.866982127285748472e-02,3.397107077504435413e-01,-1.081961673018397158e-01,1.003545291939469952e-01,3.253453102516307149e-02,2.335236694412173158e-02
-9.175023144711737244e-02,-9.546746436262186497e-02,3.999013532250264569e-01,6.930064186230780465e-02,9.976840081043850117e-02,-7.028312564811492469e-02,2.686291502213907778e-01,-9.475483017669791841e-02,1.078176962309784770e-01,1.157960301458218627e-01
-7.169925382821847049e-02,-9.900710415766132699e-02,2.372868127961223206e-01,-3.792053312739243620e-02,4.345713813372239359e-02,-4.572742134958866778e-02,-8.754253523371431644e-02,-4.381601462546818454e-02,-3.825103334852413689e-02,-4.045562374440797582e-02
9.654165705307525547e-02,-2.581191234253153999e-01,-2.049318017606501646e-02,-9.444027165825968906e-02,6.543645558276888971e-03,5.765169215015650273e-02,1.356576474761674311e-01,-5.699260761241859569e-02,-1.482616106356761908e-03,5.744679473451963503e-02
6.244565723158058274e-02,-4.677410655905063497e-02,1.645652510123989665e-01,2.081463476358259013e-01,-1.175707769546281978e-01,5.117138728085887656e-02,6.811417870768259053e-02,-9.828312192409646708e-02,1.198880312405005560e-01,2.467164770785795769e-01
-5.383034452424276944e-02,5.233331662087539748e-02,3.652259056745713051e-02,-1.242248997207727745e-01,-1.947354758059464674e-01,-3.033204341957439487e-01,3.539039824292885550e-01,1.071974640612119584e-01,9.325295580499062820e-02,5.380520785530659711e-02
4.788846992960788668e-02,-1.291542551938560657e-01,1.153374940576454288e-01,-5.068194412655530057e-02,-4.524307937642964017e-01,1.392133025895152532e-01,-8.241109185614180210e-02,6.746409666301167452e-02,-9.128029905298146174e-02,1.209066424723274046e-02
-1.317172317070089138e-01,-3.906094735564218101e-02,2.178988854449880608e-01,8.364955185298095230e-02,-4.291552985954258936e-01,-8.697267498378415118e-02,6.959463141696568822e-02,-6.989745270500953567e-02,7.286148886599919106e-02,1.423527858229819976e-01
-1.334798966481779217e-02,1.209706359419965710e-01,-2.293133327931690113e-02,1.445500445671978884e-01,-4.733125877692507810e-01,-6.683022156994870844e-02,-2.099178303637956877e-01,4.976668108298517440e-02,-1.015017163394769939e-01,5.893985899846151955e-02
-2.698622316425968171e-01,1.125908418201255340e-02,-2.173607309770006768e-01,1.541039852134759580e-01,1.329397352993684223e-01,-1.158115598304750443e-01,-1.428217649496132946e-01,1.789485212854016183e-01,9.395235997593864852e-02,-1.028464416521688157e-01
-1.285184427731814460e-01,5.394621018720147099e-02,-3.005789135913856935e-02,1.243681938811566356e-01,1.273300452745385232e-02,-1.680892834929113011e-01,5.457575213959171834e-02,-6.393453085743384945e-02,-1.038740347802121489e-01,-1.457858757806752559e-01
4.239837229738436380e-02,-1.062127728399783616e-01,2.947487367010506558e-03,1.948031720016698554e-01,-7.375380525137190113e-02,-4.294586326304844492e-01,-2.870294180788660610e-01,1.195645957879308691e-01,2.598992934215332284e-01,7.700237260881663548e-02
9.660112590889884110e-02,2.619083811397102113e-01,-2.157947511316619382e-01,-1.427028614296934061e-01,-2.580282776167164283e-01,-3.638213728735272684e-02,-6.781026087096510280e-02,-5.594637777964017039e-02,1.032975700925315432e-01,-2.996519169357717699e-02
-1.127459636203722165e-01,1.703890198947312917e-01,4.281860265212064642e-01,3.109987133685259697e-01,-9.318702417636980442e-03,4.106555685036623882e-02,-1.009497407087524140e-01,1.311639991685860651e-01,1.471999824340972096e-01,7.515474660164332688e-02
-3.871696956340755502e-01,4.739877597731729231e-01,4.335588596036760722e-01,1.792310978854615433e-01,-1.685908671332271222e-02,6.141440308238524382e-02,-1.539082763232923479e-01,8.446954969854961193e-02,-4.316223439781836924e-02,1.276506131382795783e-01
-3.822418869002545266e-02,1.066299460814901096e-01,2.332642634045597740e-01,2.647989088222916787e-01,7.866451014619682547e-02,4.359277244155390640e-01,-1.375160594820796223e-01,1.052914402584833042e-01,9.388927615686283460e-04,4.313968600779499729e-02
-2.650002308426125941e-01,3.355998164015079888e-01,2.055614909892241882e-01,2.121436492639348637e-01,6.524406222085165075e-01,1.284563186846327323e-02,-6.245502890896309500e-02,2.190454734238516665e-01,6.862459940989096285e-02,1.023848615018713021e-01
3.513683389654812667e-02,2.464024906420641745e-02,8.014733065206357254e-02,2.036253729299606907e-01,2.512228698957642559e-01,-4.801908409961526403e-02,5.336145313182368011e-02,-6.540473256210765918e-02,-1.557567250324510821e-01,2.828823582804019798e-01
5.535459290206646427e-02,-2.336228401998844684e-01,2.077427878342811562e-01,-2.096702622964091364e-02,-9.044253448833872167e-02,5.841472443314653373e-02,-2.106566060661528572e-02,1.194479843006972519e-01,1.310097936183883538e-01,1.252036635186891574e-02
-9.418022431984297838e-02,-2.086300539034006973e-01,9.453293915965656213e-02,-9.322083649114296100e-02,2.611310918806680759e-01,2.836260672716696130e-01,1.700229440173708917e-01,6.518903983340776365e-02,1.621933100317292098e-01,4.064712523311829473e-02
-2.899473336847865901e-01,8.654112657221586791e-02,7.451004845993668135e-02,-6.254298697661431206e-02,3.794541892006816214e-02,-1.733577679044537301e-01,2.674066228355039820e-01,9.582203533370808879e-02,-1.657232278450836427e-01,-7.857247865640533402e-02
-9.856675994369677729e-02,-2.416850585914853342e-02,2.182648560209277389e-01,8.958933452618900173e-02,-2.457723308388740646e-01,-1.305200018647188070e-02,8.187681038896972574e-02,6.332506588574640660e-02,1.708120084787864701e-01,1.166599615017600983e-01
-1.506267790790480621e-01,2.568513891685310635e-01,-3.037341623129426876e-02,-3.293400910824645367e-02,-4.103938457840620169e-01,-8.560068072347175316e-02,2.676618699023155523e-01,-1.563001833829371634e-01,1.445724620740088118e-01,1.942387757159316775e-01
-2.281699883947020946e-01,-7.190490767461347847e-03,7.253598528836953385e-02,2.275652049666767804e-02,7.593405603819217836e-03,-9.428512116713305691e-03,1.728221679851397324e-02,-1.183550034608315121e-01,-4.404128317423389172e-02,2.649147585269545635e-02
-2.416019516451731186e-01,2.157160698348773720e-01,-2.694048438737480650e-02,-1.074346346535892116e-01,-2.092988235104015771e-01,-2.306461381094168650e-01,-7.188781966932862762e-03,-2.986936040075238025e-02,1.962324651592506353e-01,4.715156598673808652e-02
-1.840629440863216643e-02,3.855515370160725319e-01,2.520589753110117348e-01,-4.775097730701306775e-02,-1.193212166299774390e-01,-1.884282265454386707e-01,-2.185268846943813070e-01,-9.827374052967133289e-02,-1.820912202823822823e-01,1.020084494205159530e-02
-1.384179443872762538e-01,6.187016914344900531e-02,3.551234786410974176e-02,1.684004813007911050e-01,-2.554106508645853646e-01,-6.330601898865540096e-03,-2.790702350238897234e-01,1.099830802048567813e-01,-3.669393594733536251e-03,8.054327867571068819e-03
3.291397754525874492e-02,-1.140052432070511462e-01,-2.492489835475952820e-02,-1.427844117549996183e-01,-2.604988471658856719e-01,-1.390198622135760953e-01,-5.325274070552631078e-02,-9.584192828550491816e-02,-4.813249624849615105e-03,6.974022207334935886e-02
-1.657730649325033639e-02,1.480964308136789864e-01,-1.837933595995414893e-01,-2.023717775519679463e-01,-7.351481938689674589e-02,-9.098797833561080017e-02,-4.519126798503877995e-02,-8.504298180797673079e-02,-3.757050975718870256e-02,-1.620370130987587309e-01
-2.400801753276575468e-01,3.372425958646215194e-01,2.259921529188781697e-01,2.887835270438705582e-01,-9.076105195759101574e-02,2.582301452036541711e-01,-2.284288431107966977e-01,1.357577960490978786e-01,-1.236375426236007852e-01,-5.246579442981942620e-02
-8.888174261608398907e-02,3.097337902402065579e-02,3.721092633781494796e-01,2.579454588296611894e-01,2.829665672555584655e-01,2.270866333412959737e-01,-2.352186175999982920e-01,-1.203159639767410194e-01,-8.863777282825147097e-02,1.988984917366772298e-01
4.754536313290031596e-02,3.847312077781756545e-01,3.521831361817770456e-01,2.649348157459709419e-01,1.947655945184563198e-01,3.219386196951287138e-01,-6.442710834031160905e-02,-8.617404939514886064e-02,2.076918016132196093e-02,-6.395336984218659426e-03
-1.884931584125573156e-01,4.280091684087251880e-02,3.560364896468454776e-01,1.060234271157792230e-01,2.866440595976158523e-01,-8.449619700516511345e-03,-8.955721621295240770e-03,4.476017852401318470e-02,1.695961560357719389e-01,6.745196215520050942e-02
-1.095925927610748446e-01,-1.878783809048585052e-01,1.594253004036545185e-01,2.092998117311187581e-02,1.155941108365131928e-03,-1.231273295312954874e-01,-5.778590632860608478e-02,3.607981701354245202e-02,6.016818288205597054e-02,-1.145033131550829836e-01
-1.145662462542055698e-01,-2.518933402623368956e-01,1.596672868209788321e-01,-9.246669386255423895e-02,1.379413813125731914e-01,1.939608390125062698e-01,1.387652387097125795e-01,-7.776840454038241868e-02,1.854370611011611492e-01,4.747174185112690292e-02
-2.047997295346279945e-01,9.592538569524179659e-02,2.524273699491273448e-01,6.729173928689397011e-02,5.852750604010118624e-02,1.160016035731554623e-01,5.262910764091265348e-01,6.553132768427175070e-02,-4.211691270368111972e-02,1.992805411840879448e-01
-2.034289971638867378e-01,-2.221540524929874472e-01,2.690835760810794119e-01,-6.174238434078706955e-02,-2.188176663288870366e-02,-3.279737935677059374e-02,2.382194768156917775e-01,1.304320132226045037e-01,1.942728796109106093e-01,3.670799108615821482e-02
-4.140798590159012749e-01,2.384540627382220335e-01,2.626222187803801122e-01,3.008101327343378276e-02,-2.313234963704520197e-01,-1.763966599960438697e-01,-3.918880626139145673e-02,-1.515979322180708785e-02,2.365333227521635995e-01,2.292154615581099564e-01
-4.051768829032943442e-01,1.617068772807617461e-01,-1.020972497035979726e-01,5.715343450700181849e-02,1.403806549378566193e-01,-4.594212856371826526e-02,9.172754295178099648e-02,-1.162874989788587471e-01,-1.306765352618242670e-01,4.007145552594254534e-02
-2.704903173851063714e-01,2.460948112495867368e-01,-6.672531747232307575e-02,3.015103820774610657e-02,1.033378874093582034e-01,-2.219749876403265265e-01,-1.418126486355732463e-01,2.553031622988620186e-01,4.175845324357133070e-02,-1.496246161611890398e-02
-2.546118892136387535e-01,-6.697474296060904053e-02,-1.788196158545796444e-01,1.395443407724533125e-01,1.415259249468478475e-01,-4.343307037861883686e-04,1.328791906331682274e-02,6.119967939815385005e-02,2.406892147572932752e-02,5.272826825456254640e-02
-1.516651383981149070e-01,3.597209394912365132e-02,7.771050395496044427e-02,-2.465143079639130728e-03,-4.583680737844058051e-01,-1.177526139472429983e-01,7.338079292895606509e-02,-1.385472164788817406e-01,1.790294609773917522e-01,5.640096038035223580e-02
-1.486432004459538603e-01,1.305044004320085327e-01,-1.843548077865848345e-01,1.366523106525524001e-01,1.342070455810061118e-02,-2.483735104797478790e-02,-1.122242449236788148e-01,5.728527285036710132e-02,3.505282581821564380e-02,-5.219457339224546633e-02
-4.230862431986934930e-02,2.245788791343254764e-01,-3.434846051141073331e-01,8.363046835937035239e-02,8.706105005915534822e-02,-2.587337162779219657e-01,-6.697972878610404524e-02,1.700990373591924620e-01,1.750331767099006508e-01,-9.812630683036600854e-02
-1.186745520139583093e-01,-4.406543532395880702e-01,-2.215421070308450646e-01,1.070156457461201305e-01,-4.190192578244909122e-02,-9.060561365013257429e-02,-7.920694922156946982e-02,1.868889055008966515e-01,-1.063017410266548467e-02,-3.726878664010155329e-02
5.063976201911434688e-02,3.161986192786066519e-01,3.128938789670133169e-01,1.216698239984341512e-01,3.887904671284450053e-01,-1.203881091058401145e-02,-1.995606092433700463e-01,8.164906154302778440e-02,2.122543046027150146e-02,3.664480721916789641e-01
-3.360266061909415042e-02,2.183211257304701614e-01,6.752285023225688132e-01,1.826801418679313005e-01,1.239597330945587383e-01,2.484736520311479901e-01,-4.882147144884926848e-02,2.394425936666765287e-01,6.042139524577841425e-02,4.120162677570000931e-02
-3.832052965925927257e-01,-9.808933934554912859e-02,1.666763919462508070e-01,1.886679930717526377e-01,2.257857639338013422e-01,2.207650914357147109e-01,2.484519900285161662e-03,2.439361124591693172e-02,7.484295016053915672e-02,1.160402050070763885e-01
-1.576773843331908953e-01,2.018456869077039639e-01,2.253004300728770060e-01,4.569264012015249177e-02,7.266718483984871413e-02,1.111864426392465549e-01,1.044140571448601632e-02,-5.239215704973729931e-02,2.095050687258919186e-01,1.422992713769214990e-01
-8.195735001550384646e-02,-2.819043994440480483e-01,8.217676530987501338e-02,6.675711668135086985e-02,2.823173823735012494e-02,-8.300669182327623241e-02,2.018051385649494156e-01,-9.637649299628878174e-02,3.424319502889401623e-02,-6.823867989178299120e-02
-4.236780398013820920e-02,1.685406147798903798e-01,2.875908936501767738e-02,-1.415168390338575333e-01,1.764345510765172875e-01,1.722825629995390281e-02,-5.506057100354549982e-02,1.882039068966236406e-01,-1.496285387682036450e-01,1.403762624710933604e-01
-7.564717086996357309e-02,-6.241159346348125470e-02,5.150082603411577920e-02,3.220929258480701579e-02,2.874484639070877812e-01,1.954167128473259241e-01,1.236607977511283846e-01,1.296630239796720541e-01,1.343488172207518427e-01,4.191233433919450135e-02
-4.149815350387139196e-02,-1.190753479603992443e-01,1.748540919228536439e-01,2.468832278103540445e-01,1.753626022205594381e-01,-1.189825318795628001e-01,-8.274676119675773711e-02,3.164833692547986410e-01,2.218958774735091399e-01,-7.438795756295661643e-02
-1.601522713416190721e-02,4.152021478869183380e-02,3.852717922410502094e-02,1.778574731356843408e-01,2.925890978265512921e-01,-8.324960630549045615e-02,-2.187987724515340071e-01,3.104129884585167809e-01,1.536127704988970721e-01,-9.788830480783770882e-02
-1.514228150748312962e-01,-6.543548447056941886e-02,-1.188273607644872304e-01,1.532882205421924326e-01,1.418746182028958747e-01,5.282328915389676582e-03,-1.815267861512803726e-01,1.563069138594080643e-01,1.371944857970535947e-01,8.221743072054459034e-02
8.161516983666651515e-02,2.157930479181845718e-01,-1.179920645550043418e-01,-1.187203463041255624e-01,2.323303953005180778e-01,-1.168215942351613773e-01,1.183658017660047385e-01,2.912037130855677503e-01,1.803904972548678876e-01,-3.578847563439153945e-02
-1.332428599702581151e-01,1.548324366310780686e-01,1.400111311792268387e-01,-4.695269692810608020e-02,2.005290103750171499e-02,3.992968939948242368e-02,-2.520635012642871153e-01,1.388880109647775418e-01,-1.396768672494659025e-01,-3.743051690871820880e-02
4.147314013101818103e-02,-2.206405876735767213e-01,-2.743734519573102354e-02,3.199530301959897099e-03,3.793120158474213438e-02,1.221593504471423924e-01,-1.927110663463074691e-01,1.064326114882421515e-01,-1.275241224835869935e-01,-2.042958588190653124e-01
-1.519018394340240496e-01,2.617062769780196807e-01,-1.180910645512036478e-01,-4.861707209303533540e-03,-3.830382608047917109e-02,-1.485706984947139375e-01,2.969228652854892514e-02,2.662640677334423764e-02,3.172630959438008103e-02,-1.158666399134565678e-01
-1.323988084083871017e-02,1.400913688687257241e-01,-1.301550502186104852e-01,-2.069657214149054347e-01,-1.078246121159192605e-01,-1.214992617996939334e-01,-2.283949197823322286e-01,4.216474474104362630e-02,1.569499245738095738e-01,-1.715138313007246174e-01
-1.313683551610050348e-01,-4.073850715188310212e-01,-6.714984164035825431e-02,-2.052165480933866859e-01,2.306971386720936545e-02,1.063540145807279763e-01,-5.935920825432026982e-02,1.109318655447782132e-01,5.221698647801532867e-02,2.228955583988297962e-01
8.642120967478640614e-02,2.156779325292801641e-01,9.844670062476799932e-02,1.168161424884670563e-01,5.670703394635284722e-01,1.847421988534649895e-01,-2.987604832814972911e-01,5.204753057444373027e-02,-6.171693057519286874e-03,-6.468946169312488059e-02
6.954568190299832697e-02,1.688755539491209115e-02,-7.110019951507746960e-02,8.512621448529969492e-02,-7.570518535304304741e-02,3.482124091183438908e-02,3.623840042742161593e-02,-3.119475698076549369e-02,-2.111717196049666886e-02,6.754540559612691453e-02
-3.185284330080482285e-01,-1.487194460466541301e-01,-8.498651601452013316e-02,8.773268873656279998e-03,-9.161485468940352983e-02,-1.660586348799961837e-02,-8.310032305474875092e-02,2.505408991046541578e-01,1.041035021552035866e-01,6.553170368384240996e-02
1.788026641363800739e-01,-2.947253481134088360e-01,-1.293208544269478510e-01,-5.465208149283816430e-02,-5.756272082700780029e-02,2.582448554429316312e-01,1.949734670555033217e-02,2.258827247876609573e-02,-1.705708798302457696e-01,-2.998164278030057694e-02
4.426967947485731941e-02,-5.536269143797358794e-01,1.541828220122674897e-01,1.278067133052793736e-01,5.488381445232260597e-02,2.936487402642135036e-01,-3.563023793109838522e-01,1.860560834364147764e-01,1.397700815599478008e-01,-2.279969911294522089e-01
7.345359407747474589e-02,-3.804034578766342656e-01,1.592659165686881872e-01,3.130570886657368379e-01,2.177413852821467044e-01,1.498985374475972354e-01,-3.932427537759765057e-01,2.414986656104899931e-01,1.411819759795225337e-01,4.600265428413129187e-02
-1.678542307957918700e-01,-3.342464898467661927e-02,1.188377088479789928e-01,-1.722201861267337875e-01,2.534733051458321063e-01,2.005494175134682755e-01,-2.503097159519134668e-02,7.916223016643644805e-02,1.653950896452767716e-01,5.351905396578419960e-02
1.343885488224757507e-01,2.015787931558490551e-02,-2.023495271398719486e-01,1.234278704664942827e-01,4.395328709226186126e-01,-3.292428052536855443e-02,-2.868676426418722558e-01,-3.812847248559666363e-02,-1.295704557699495565e-02,-1.566010478544968554e-01
1.545144039362142674e-01,-9.775416923282133352e-02,2.086431531129067513e-02,-1.430725877512682986e-01,2.479877915816869338e-01,1.181347006724648846e-01,9.313261191872944378e-02,2.650174149005740110e-01,6.336056039013246433e-02,-1.910715994103808768e-01
-1.251959935594153805e-01,6.746953428744051351e-02,1.870549049560307486e-01,7.043030618489986260e-03,2.772793045200374618e-01,1.499064745925444697e-01,-7.142185965554463667e-02,-4.224055419226700053e-02,4.938284907036528948e-02,-2.580245377864867629e-02
-7.987825557213563965e-02,-7.783415099099648404e-02,2.057564855788275582e-02,6.659382498791371896e-02,3.654649896460157033e-01,4.417661123465319029e-02,4.754764870981058322e-02,-2.730824627759132969e-02,1.776175388072149253e-01,7.945316187089097870e-02
-2.358122545327006603e-01,1.994592629706448406e-01,1.822360772885885105e-01,3.265136604861949843e-02,-1.567801153162839620e-02,7.881817796173786513e-05,-7.931287393669610164e-02,-7.032302849055035998e-02,-1.554596212777294151e-02,-6.236739297685733180e-02
-3.787916186101984023e-02,-1.789916803692968295e-01,6.563533073536913232e-02,1.976556380715152050e-01,4.923142455582644322e-02,-1.943894162386172741e-01,1.987908886265804531e-01,-2.749354046509376245e-02,4.282565739832323859e-02,2.157008006318153481e-02
-3.946806205945987411e-01,8.220925391225851475e-02,9.370113058388167271e-02,-5.180308090419037670e-02,-1.900245977253275237e-02,-1.744024355068152787e-01,-1.029555787949453932e-01,1.686509185228498575e-01,5.159896248443816488e-03,-2.614404009274151389e-05
-2.350434939238119081e-02,-3.340853297053903437e-01,-2.020860274133389617e-02,-2.366646738238795469e-02,-1.716106350319264728e-01,1.915565570381985066e-03,1.631984456621245541e-02,-3.414837471483542913e-02,1.513511052289470693e-01,9.890466098290377761e-02
-3.854559027034207830e-01,-2.646731031142969814e-01,-1.115962986704679555e-01,-1.944260589548390053e-02,-1.700802216872027706e-01,1.347615384099792035e-01,1.860797983763520236e-01,-6.814043753131193704e-02,8.716714997658289721e-02,7.439678883838830858e-02
-7.298350933234278026e-02,-8.536410759766534240e-02,-6.288802950258008673e-02,-1.457437882971866494e-01,5.495156645623967551e-01,2.681024778010886456e-01,-3.329166318042200423e-01,7.913633265951985907e-02,-3.856349688113225316e-02,-7.348034727595874338e-02
4.505845259496552707e-02,-3.832192058282687941e-01,-2.538238623727798876e-02,-6.643696305234894628e-02,2.939288221252435163e-01,-5.663974898457409257e-02,-2.755379397551654258e-02,-2.676957391902557923e-02,1.774157231737832352e-01,-2.682689002594482869e-02
-1.393211580416022222e-01,-3.084243378514727740e-01,-2.497157384122311585e-02,-3.166253780366895185e-03,3.505260102205753903e-01,5.633636983785748897e-02,-1.611735757950616410e-01,-5.945571828248046725e-02,3.481000081718405720e-02,9.540529153082520641e-02
2.109649590810764586e-01,-7.314685967338700745e-02,-6.136388550207424325e-03,4.258883794608137735e-02,-2.439264394680543124e-02,1.621347477101238166e-01,-1.955491199507133904e-01,-1.545443121358697214e-01,2.103947008277538052e-03,-1.958135425710280098e-01
-3.047199275722160816e-02,-3.740606063093236400e-01,-3.820294909378906811e-01,-3.089222930505628947e-02,-4.129214226797705417e-02,2.624960241085925183e-01,-3.852555110320433629e-01,5.673467147870355637e-02,-1.725576975859455797e-01,-1.101069008631769125e-01
-1.114990233944185977e-01,-4.698263266967823981e-02,-1.546975129956405237e-01,-3.829247120465886778e-02,1.390991088213422433e-01,-2.192847067091221319e-02,-2.233817128645423367e-01,1.506311579841921877e-01,-8.340051743280835206e-02,1.526865607399019997e-01
-3.908209442740957079e-02,-1.346725275543842193e-01,-5.234844737082391952e-02,-1.490102580943533650e-01,1.527297781624363249e-01,2.910863526576584759e-01,-2.351252852150435002e-01,-8.403793837251558041e-02,5.461148791572105693e-04,-5.930311859274035868e-02
7.732907601450426938e-02,2.467519434761359098e-01,-6.668348548257381492e-03,-7.858846060365592967e-02,-1.121398174806535197e-01,1.353911551405266867e-01,-3.695719423432585193e-01,1.016266638772456016e-01,-1.803957251652125171e-01,2.195858764778762379e-02
3.156932361181241653e-01,-2.585267238794754507e-01,-8.062239400189492866e-02,-3.981387440961028229e-02,-4.079826201127271373e-02,1.259049638596760057e-01,-4.372742567621419330e-01,-1.282254384365374977e-01,-8.814364647809816433e-02,-8.036616427026420373e-02
-6.180043967934429477e-02,-5.048240250981542686e-03,-1.727733237065808558e-01,-1.561451947155079178e-01,-1.769714586740935292e-01,2.439559147372363512e-01,-2.297964998803680992e-01,4.852504866056111393e-02,-2.344204278292625135e-02,1.959176863623761089e-01
1.165536585004521425e-01,-2.115891736339825802e-01,3.770648890245117957e-02,2.639953381190225379e-01,-5.029023914731673567e-02,3.291124808974423832e-01,-1.909702881132941399e-01,2.124899335131392175e-01,9.636232550151466181e-02,-9.282933405809916383e-02
-5.954544948998739123e-02,2.502475188616268831e-01,-1.290736635298520285e-01,-8.381987612710367630e-02,3.831810372923678543e-01,1.294957940967703669e-01,9.334105317612582942e-02,4.711610875247024960e-02,1.348011327288973007e-02,-2.303988334286678485e-01
-1.537531835505316358e-01,5.454892612616112080e-02,2.251704439350587228e-01,7.343872293521216954e-02,3.640786713508814554e-01,-5.854290067085717898e-03,-1.085492244814570753e-02,5.627443668635277035e-02,1.340869219009452329e-01,-9.500687181090876343e-02
-5.762198998608881323e-02,-7.295590572228537185e-02,1.188444231736596607e-01,-1.287245683033919619e-01,4.118480246913314158e-01,8.899072435510958778e-02,1.280828789520002675e-01,4.332304868880363508e-02,-4.913541316000501202e-02,-2.814861490850213005e-02
-1.383887317404571271e-01,-1.222692481326405484e-01,1.314482863616866226e-01,-2.190136366265202916e-01,4.719821393912248392e-02,7.273374481753046294e-02,1.183736157227909674e-01,1.680618448507484319e-01,1.609355115043887285e-01,-6.566180912174617024e-02
1.157963430357729501e-01,-1.482560169436731023e-01,1.856136440239853080e-01,-7.855500649635066557e-02,4.167176006594116577e-01,2.950070443643972862e-01,2.307008098144909813e-01,2.174105815304554490e-01,1.466382259446057379e-01,-1.900846739455613332e-01
4.346199421282558734e-02,-4.484878199601983195e-01,-4.561919086835919956e-01,-3.470333670209731214e-02,8.456339342484062160e-02,-1.470242348838344260e-01,1.222362033061178826e-01,4.368100402952482947e-02,1.381176909323234836e-01,1.887037520319839734e-01
4.421224077902589228e-02,-4.991796726321591493e-02,-2.708709274590315741e-01,-3.390399503169435058e-01,9.601978526659177282e-02,8.660145598576211856e-02,-8.349781143186159327e-02,2.892205419568689151e-01,4.845274102023604257e-02,-1.341254048685901201e-01
6.530279292949821290e-02,-1.290060917867058288e-01,-2.049088127063713322e-02,-4.030465526978487673e-02,-1.301281123543586160e-01,9.932128053333309781e-02,-6.189711243363592297e-02,3.124541053421241998e-01,-8.828993415352723306e-02,5.140889206780993592e-02
2.419762613202298407e-01,4.550333668814963983e-02,-1.034279869335229668e-01,1.116050181976187827e-01,-1.023728703592924616e-01,-1.820122407494633165e-01,-2.354966142065210155e-01,-8.136456901475427883e-02,1.417780076303408188e-01,8.940771116716901556e-02
-4.904755550575441020e-02,-1.221633411026335631e-01,-2.570117659507039076e-01,1.710392966457875974e-01,3.068738498762602074e-01,2.282168221565883393e-01,-2.805190948098625903e-01,1.528938643336680836e-01,4.537706498953675283e-02,-4.203549609380627383e-02
-5.771232234546752084e-03,-1.543786497462125429e-01,9.813297241707903684e-02,1.187767813519816085e-01,4.355488284273559829e-01,2.241904433263108287e-01,-1.467431183220689328e-01,2.855427338305445081e-02,1.578105850415547629e-01,1.435907346584078814e-01
1.181198375547579532e-01,-2.503147950600577085e-02,6.390129414366720051e-02,7.864211061711631756e-02,2.384225749683032691e-01,1.188048243063222625e-01,-1.306388994308814167e-01,-2.060944858016054426e-01,6.150183986558122040e-02,-1.737617975447636187e-01
-1.504235066943900856e-01,-2.929701847753609090e-01,1.187456523694344485e-01,2.043875455883132353e-01,6.376340767060506565e-02,1.768068144615030368e-01,-1.424662539698573482e-01,1.094597417200575684e-01,1.737019444447751582e-01,1.600949063425963770e-01
1.828404378638136540e-01,-3.509481806474349930e-01,-1.875534132393897602e-01,2.419442929662626307e-01,2.749270840205266797e-01,-6.779866766259970250e-03,-2.179876302132159327e-01,-3.377885531085664944e-02,-2.067112246780509685e-02,2.805242539225258347e-02
-1.325077395172909733e-01,-2.112166988246776123e-01,-1.047396413526133913e-01,-4.926896898767051114e-02,8.051386181793573904e-02,1.487448710200413582e-01,-1.909645358874975107e-01,1.554600713044779203e-01,-8.426688020728689832e-02,1.007154368168779596e-01
7.730429670707043843e-02,1.489184714823465691e-02,-2.240559624670833416e-01,-5.998798378959406541e-02,-1.194426048386999228e-01,6.027717994760356524e-02,-2.336018693923548883e-01,1.328849563560936531e-01,1.712442750505787370e-01,1.061990910745267552e-01
-4.627216374709824769e-03,2.763504357604275596e-01,-2.402243267539008048e-02,-1.542696240226939519e-01,1.652167582827450132e-01,2.688167591185386396e-01,-1.598321510202538320e-01,2.298376323774160290e-01,-7.663305665415653944e-02,3.026713882855515125e-01
-1.261400031297242944e-02,1.001467257802743510e-01,-1.498635222126839250e-01,-8.392402142917168573e-02,1.848192323716100760e-01,1.023395514529830547e-01,2.217191009231768428e-02,6.060443498064021356e-02,3.119169576866282489e-01,1.873279445253648867e-01
-8.539266756063608466e-02,-8.501006686972707727e-02,-1.963988865623525204e-01,-5.201815651715187283e-02,1.750673013689296176e-01,-2.937613530119518312e-01,4.367857175550085014e-01,5.007356600189610124e-02,1.027960572547955143e-01,-1.060036331700386497e-01
-2.906415684659850035e-02,-1.612801063930256185e-01,-1.038177718555801793e-01,-2.541720347672224989e-01,8.948384035521014801e-02,4.783224898783207391e-02,7.053446564919037265e-02,2.256135398861233154e-01,1.648894896795807807e-02,1.491132878122357064e-01
-1.852167646259890721e-01,-7.800586322857861951e-03,-1.586975129639418836e-01,4.801136097489774879e-02,2.942509064908476607e-02,2.469306528639099441e-01,-2.133770932674736165e-02,1.659939892554034846e-01,2.187203662497826384e-01,2.750305707334856076e-02
