3.728005479489133328e-02,-1.041807987113005235e-01,-1.079890385924178742e-01,6.588134029310606377e-02,3.632256231273077885e-03,1.343241058498162541e-04,-4.719017245877790701e-02,8.285606939316275676e-02,1.569085170591182632e-01,-3.264164755894599645e-02
1.552043258515766189e-01,-3.048193450919037817e-01,7.872333586326615840e-02,-1.658669774277454767e-01,1.983728620038519019e-01,1.629407384677576329e-02,-2.421008774785572137e-01,-1.681976261139110987e-02,-1.920403237446555167e-01,6.787397265284286774e-02
-2.138524030272154486e-01,-1.548145577074454549e-01,8.188738717942395384e-02,-7.016540357606000644e-02,-1.089207349957361654e-01,-1.510656959015201362e-01,1.521491439471328588e-01,1.197042486381493243e-01,1.147881361102442987e-01,-6.892169390898644776e-02
-2.479047128786495899e-02,1.730375788686283611e-01,1.915469413643509089e-01,1.122522047701725312e-01,1.112435064301965371e-01,-1.083794920144042634e-01,9.895729719394942558e-02,9.342745945272279418e-02,1.260650151043600509e-02,-2.066054682658952091e-01
-2.880810814074894477e-01,-1.174792328849340456e-01,-1.894657864872016095e-01,-2.685893618411979711e-01,-3.739663667696822152e-02,-2.978776673105793527e-01,-3.009157652453040011e-01,1.798479923487303345e-02,-2.186038615849389688e-01,-1.153446787616426578e-01
-1.503206459851353684e-02,2.279398092135548060e-01,-3.697380881266566083e-02,-2.019505741819160871e-01,-1.029521724807961613e-01,1.871218375107217557e-01,-1.129393380163566107e-01,1.709620538629992581e-01,3.194735695213892640e-02,-4.119379876373353150e-02
-3.244307664148048803e-02,-5.405042511550493117e-02,2.468991135312753604e-02,2.647411367953249606e-01,1.764601000448458856e-01,-2.236659304760085232e-01,3.367818714398033292e-02,-1.296933862475161958e-01,-2.299256733808980047e-01,9.494513822153990978e-02
3.146449873922624318e-02,2.586230453883336423e-03,-1.921156080681837158e-02,2.216727268548203955e-01,1.145921978430856081e-01,9.731670561345197312e-02,1.165728805026000903e-01,1.740804205959006479e-01,-1.932898598056325135e-01,4.605400504334945799e-02
9.289769974816086684e-02,-1.180741853963329369e-01,4.267010950773313799e-02,-7.671234328724452212e-02,-1.887336951877673086e-01,3.043076318418423687e-02,-1.806777133564159976e-01,-1.844898276482170030e-01,-4.278776945343917837e-02,2.647793096897034792e-01
-6.557309347906972730e-02,-1.745739012569805515e-01,-1.668272709367122630e-01,-1.757932602898978347e-01,1.599224651463748148e-01,-1.458487820687719705e-01,1.984995343432310183e-02,4.045842466746182170e-02,-5.122387992599117951e-02,-1.084787387474117071e-01
8.552475711729563834e-02,1.741909987071774690e-01,1.428632136994827662e-01,-1.515857396376843746e-01,-3.360574087385698183e-01,-1.083194559755953357e-01,-7.603866568894737665e-02,-2.121097389267732891e-01,-1.426524594727721640e-01,1.051217602326730421e-01
-1.068340505366355137e-01,-2.790362412081461296e-01,-1.958137717681701362e-01,-1.469160314034485548e-01,1.347549894230679335e-01,2.789218185082850687e-01,6.972457151628104477e-02,-3.457038560009306066e-02,1.890892079457065500e-01,1.556949338520384751e-01
-9.638604120448202028e-02,6.504427300113891329e-03,2.559693642555107770e-02,1.210225734646774298e-01,1.073956166161159631e-01,1.964379379920989932e-01,-4.818754175473560081e-02,1.425935435987205901e-01,-9.263046235959827845e-02,1.465932113585120544e-01
1.572106675043682955e-01,-1.317091560175576714e-01,1.398598067175002568e-01,-2.364383728848904742e-01,-1.091009397559051519e-01,-7.460599733635971120e-02,-2.722826842424910798e-01,-2.101122704427111354e-01,-9.828456695769099971e-02,3.278071335627966154e-02
1.878644440239088387e-01,-1.879342143019242239e-01,-1.201529571857492817e-01,8.513540112377761260e-02,-1.123302028542210035e-01,-1.446527780926744888e-01,2.274152468672766547e-01,-6.931992008600846265e-03,-6.616145490538639928e-02,2.053841100356670335e-01
2.967730426206076529e-03,1.117302392495926611e-01,-4.960614489161337647e-03,-9.760453376820719951e-02,9.275446436312373075e-03,8.698934603076363681e-02,1.632442193711216086e-02,-5.684282254440840843e-02,-1.863181127588626751e-01,2.501094575984637303e-02
-1.387748374633761619e-02,7.149585359168800225e-02,2.312385162303364980e-02,1.923603956835227835e-01,1.551942657348674148e-01,-2.551611003134670597e-01,-5.151852706472499765e-02,-7.381456834476650408e-02,1.362521719783842122e-01,8.123171963434515364e-02
-1.210928386572583115e-01,1.752933095419677567e-01,2.500832694896222286e-01,2.846045426826602776e-01,9.147521104010666870e-02,9.456088721649591466e-02,-1.130321712954208691e-01,-1.239075980214458250e-01,-9.943337782684170956e-02,7.817150711204648439e-02
2.405650985703933556e-02,-8.401071560325815146e-02,1.037158228752480954e-01,-7.424841424747272156e-02,-8.907177303887114928e-02,-3.888337612454900033e-02,2.444308668774189397e-01,1.290726121123249859e-01,-2.128159725543616876e-01,2.720178684354118692e-01
1.021357634107401269e-01,5.663156815527895134e-03,4.307299255882184041e-02,1.354457729008151090e-01,1.410718815429845008e-01,1.102368511718649635e-01,-1.365221604034655145e-01,-1.340434132882075968e-01,-2.565718280275706142e-01,9.037173834577104381e-02
-1.264622668706613141e-02,5.232429409493663530e-02,-2.873817990983982273e-01,8.665155036096842955e-02,1.491654154498205653e-01,-2.499232680245083021e-02,1.636245202204473781e-01,2.418220358403442086e-02,-2.021528372676361374e-01,-3.351089300053974873e-02
1.571031852480953006e-01,-1.340218931035734064e-02,3.318732914273171408e-01,6.248515673158246825e-02,-4.237521158486928091e-02,-5.419321930549338834e-02,-1.041550361971788768e-02,9.670736206129047774e-02,8.866294486871963143e-02,7.667108462022584857e-03
-1.248241556515877759e-01,7.197781736648151130e-02,-2.146636552740804615e-01,1.122481779873869302e-02,1.085162742846154244e-01,1.343526784900010707e-01,2.008158634187779124e-01,2.713445074778236127e-02,7.285120194213721978e-02,1.550530257599567752e-01
1.689158004118354595e-01,2.589439839669949173e-01,1.980189406552406994e-01,8.605843090217947522e-02,6.024871360344197235e-02,-4.255694847808114481e-03,1.666042155251321044e-01,-8.199172034122709229e-03,1.838926609058086081e-01,-3.388948956232751969e-02
-9.300658757526251985e-02,-8.881454479124432921e-02,-8.464619509963530741e-02,-2.108018681067056754e-01,8.227973968638120639e-02,1.170502326223388095e-01,-1.445256619744550441e-01,1.502326704173969352e-01,1.251296484605659565e-01,2.277180781797841225e-01
3.248910100386371430e-02,1.211605970100498170e-01,2.217051388151379254e-01,-1.105781509496073234e-01,-4.610879603957999257e-02,-1.123644819982998477e-01,5.980814503800691712e-02,4.166846817020184238e-03,1.384004568790951073e-01,-1.150087989420167656e-01
-8.523375989418180421e-02,2.090353423749609640e-01,3.394902062869338544e-02,4.351854244515528103e-02,-3.874723553820670630e-02,-5.554213869809956211e-02,1.945693575756606564e-01,1.183670676448619480e-01,1.359139475551241760e-01,-1.100177903552975178e-01
3.401761062739919184e-01,-2.850186702424493679e-01,1.470242953147366145e-02,2.492524732476773808e-02,-1.617839764136594638e-01,-5.568379883693919813e-02,2.210049682971403917e-01,-7.203166010196718205e-02,-1.250677403076004834e-01,-1.481721233390376202e-01
-8.977656494459036740e-02,6.616843643346384529e-02,6.411469255342015783e-02,9.377096932987245836e-02,-2.470268492742412961e-02,1.113571717294106582e-02,9.464114383367963623e-02,3.622189106656701907e-01,2.374372754303911981e-01,2.081454317083818450e-01
-5.727181042410410539e-02,1.473198395209425471e-01,-1.493868983129601202e-01,1.631640993335242984e-01,-1.100068158771717319e-01,-2.122378315169590746e-01,7.455280669122944792e-02,1.826986345865851957e-01,1.387176089726218642e-01,-1.076539121778645469e-02
1.640924416087133353e-01,-9.719763740812691066e-02,2.290925008740362367e-01,1.511473386715324052e-01,-8.750241969858633950e-02,4.563136791101760764e-02,-1.864736223775046234e-02,1.619734238707429275e-01,1.444796229711078350e-01,3.444686791285521132e-01
8.686890548857907624e-02,-2.097281741824186946e-02,-1.627204453140367324e-01,6.246632476791649097e-02,-1.245493355661626833e-01,3.171455305917238870e-02,4.332042403294342203e-02,5.800576740882405768e-02,5.977776205131454801e-02,-1.015242376399154572e-01
-4.514567901403315070e-02,-1.672724838689279570e-01,2.402065227358762822e-01,1.624212217072626419e-01,2.218214482901649520e-02,1.174405108680461884e-01,-6.048701433762924962e-02,3.595559178819428357e-03,-1.033889628015336598e-01,-2.086041915562436011e-01
2.139153874385415766e-01,-5.577335342285984210e-02,1.145953570654969084e-01,1.238489934311744339e-01,-6.750111214035119100e-02,-1.670116243954846147e-01,3.515203758402479783e-02,1.211338811692073691e-01,-5.213468683071461468e-02,-3.765250295653806839e-02
3.205173111101632111e-02,-3.292459320879188855e-02,5.011590977498841387e-02,2.368254723963648944e-01,6.483558781218660971e-02,-6.648965030115287778e-02,-1.280393217965471730e-01,-1.123386293095172545e-01,7.278688727746383813e-02,-2.512845229785771739e-01
-2.032877227941094489e-01,-1.287733346840440329e-01,-1.805984376193321347e-02,-2.122122604968200432e-01,-1.339492410431436242e-01,-2.887591787025232670e-01,-7.360187316869870600e-02,1.399842107952655457e-01,1.391820743637312528e-02,-2.465025403059272618e-02
-1.581544879064932241e-01,1.080881981623390692e-01,-1.888750055948723860e-01,-1.385660733884884199e-01,1.066519703985765177e-01,-1.199742088070350488e-01,-1.426731771473684629e-01,-3.243013482464991437e-01,8.980882805897305587e-02,-1.887424254283943115e-01
8.565939335010963607e-02,-1.028847556802341134e-02,2.920731960350910206e-01,-9.418717751884449207e-02,-1.113475959661979070e-01,1.160285880175257328e-01,-1.006921260530038165e-01,-7.097553220323382650e-02,-9.715718543038190510e-04,1.276716934210239129e-01
-2.351955918268100187e-01,-3.977001266771926224e-02,-4.812725064440538311e-03,1.380792405951874746e-01,-1.694712537475016878e-01,6.498448678465972017e-02,7.820204094651497448e-03,1.659751182931090696e-01,2.634085008435138944e-02,-1.814748496495871555e-02
-2.196351416078747010e-02,1.258627038334252934e-01,1.564771274447415428e-01,-2.329447824688912760e-01,-1.379694762588957457e-01,1.924752778138476006e-01,-9.326346725160247764e-02,2.349505807213460584e-01,-2.728930437549725307e-01,-2.716121457332367761e-01
1.013271509348702935e-02,-2.401176287061037584e-01,6.790136931424207989e-02,8.476006639729521952e-02,-5.888369260338995048e-02,-5.706971612401075256e-02,-5.026689734647909330e-03,3.282591437028722914e-02,-1.261078899838946887e-01,-1.778802452486701602e-01
-1.854979146310555549e-01,-1.856266333813473210e-02,1.308153170417363786e-01,1.592762467405243743e-01,-7.534473227646051874e-02,9.596026220191843092e-02,-1.143723717088569181e-01,2.061365130569333404e-01,1.298754862414480127e-01,8.369636969056294673e-02
-1.172296517804128774e-01,3.115592398625852133e-01,5.730785216881217892e-02,-1.214260128355297147e-01,8.857964781421126532e-02,-1.397981856553482671e-01,-1.388678122784678948e-01,-1.010447694050551140e-02,1.328951996423035908e-01,-1.712286066828242748e-01
6.041902156998778944e-02,6.800305559511796161e-02,2.131846006923179271e-01,1.221130824744773719e-01,-1.992203087210053791e-01,2.451493705241983012e-01,2.105350407963437198e-01,-5.095892045512367616e-03,-1.340972699543262758e-01,-1.064620592549272993e-01
-1.894071878720799545e-02,1.712508694518196650e-01,-1.222919469452546370e-01,3.214374533152875718e-02,1.639550617143039069e-01,3.495567962138848572e-02,9.558421144165585304e-02,1.085041637807128145e-01,1.403177828632681812e-01,-5.070935187676552103e-02
4.991382723882942934e-02,-8.426705554264314613e-02,-2.529638690785812050e-01,2.594845082622063703e-01,5.184991494790305855e-02,9.179328088399955898e-02,-9.513794099343904354e-02,3.758158161999107794e-01,-3.062628405080061733e-01,-1.371672946702545137e-01
1.263838456560016643e-01,-1.380449577807784656e-01,-4.821414872939684682e-02,2.979587608267497689e-02,4.194657554201880467e-02,-6.307257745901623247e-02,-1.757471475274922090e-01,-2.747582132426543491e-02,-2.490750527659805202e-01,-1.297641396007903625e-01
1.046051579067114740e-01,2.253694951289734461e-01,-1.208860528465477702e-01,8.607606420222091437e-02,7.609471150317449750e-02,-5.911745763834269640e-02,2.375935615840502058e-01,2.652714551961071754e-01,8.427457928689997824e-02,1.856773982595054384e-01
4.425105187920822664e-02,1.683906636714312122e-03,-1.851976671455017320e-01,1.273846622977716503e-01,-1.473964352977354120e-01,-3.831430294973703354e-02,1.288769873839494817e-01,1.549621607115008459e-01,-9.434500602520183576e-02,-1.543725758897482869e-01
1.120776315805156222e-02,2.207072419421919063e-01,9.515807951040468338e-02,3.760181419635855171e-02,1.351763504476460043e-01,1.812084483117283318e-01,-7.973603736465832703e-02,8.727996427485625042e-02,-8.668851486065682482e-03,1.750828613841911852e-01
-5.316681363361022705e-02,2.801327823167527598e-01,-1.156174750673590462e-01,7.467852231092364512e-02,-2.228825493363486565e-01,-2.254860782141425712e-01,-1.308566270012092303e-01,9.289753322167929039e-02,-2.521539348941607694e-01,5.823446800077260177e-02
-1.681355469763446131e-01,5.861326031592212216e-02,6.689532882157853133e-02,4.529955737030828128e-02,1.076372502130035630e-01,-2.259362924632831449e-01,-2.086837975443286697e-01,-8.028246355321255745e-02,8.836690995301670071e-02,1.176151151183832261e-01
1.641185333682367298e-01,1.659510324903149536e-01,3.410727013822325016e-01,1.849710453144638722e-01,8.495220438897412019e-02,1.392025259839420881e-01,-2.143681594551387071e-01,-1.256838529102534130e-01,2.066799283514973717e-01,-2.105416484033003910e-01
1.155729225791045367e-02,-1.682734247014690543e-01,2.070598807140280329e-01,6.989903331179185553e-02,3.195429004833352099e-03,1.282023335301408495e-01,-1.935943118754402531e-02,-2.088967193197641403e-01,-5.908048593965687517e-02,-4.339068256445598876e-02
1.812285462750157505e-01,1.661509890321343774e-01,-1.416184239748013718e-01,-9.726374750650296219e-02,-1.781601336391701873e-01,-1.554403710625114621e-01,-9.046990619927193500e-02,-2.506833068262441511e-02,1.856187278532840934e-01,1.755438213097525735e-01
-6.375653869841686749e-02,8.988623954496170743e-02,-1.031485151957214561e-02,1.157096436499652353e-01,1.307158798455664017e-01,-1.209388058247417019e-01,-1.074882995125307494e-01,-1.169582106933161197e-01,-7.389579597436539415e-02,-1.006207214856458948e-01
-2.892882207389854687e-02,1.080566343661685802e-01,2.120255555797226632e-01,1.475801934943364035e-01,-2.046986894572929427e-01,-1.868583658204931233e-02,-1.988985175744060682e-02,-8.919358946887354089e-02,-1.295375167702862984e-01,1.647890319077718879e-02
-7.632502893776790809e-02,1.592197925653952850e-01,1.025628156977970995e-01,7.911840929196929662e-02,1.151710353827393590e-01,3.085526696716738848e-01,7.543071682353136298e-02,1.681932345281046126e-01,1.410618716344749501e-01,-5.488491338457474750e-02
7.491924761548141021e-02,-1.013828342349595846e-01,1.701649262677194518e-01,1.166540223414900546e-01,-1.904056902346537572e-01,-1.686014860303503005e-02,-1.373449940591353058e-01,-1.315414237853411161e-01,-1.212353713081266993e-01,1.958883520838483050e-01
-1.668481676086025489e-01,-1.308640845869316061e-01,-6.915879617213299690e-02,2.220997711589996482e-01,-1.545219851813305935e-02,1.014845354376271852e-01,-1.870977676805789525e-01,-1.393175897795433382e-01,1.865276912062642234e-01,-1.399861976567382538e-01
-1.252092408507518295e-01,-2.606128249932630481e-01,-1.068571679447421763e-01,-1.213383940272461242e-01,-1.117318870511575662e-01,-2.614795125827238942e-01,-1.972222313340546707e-01,2.348677492215343887e-01,1.996951361811009629e-01,9.959770784042837333e-02
-2.088240569619386200e-01,1.059437703192277341e-01,1.186688766365998349e-01,-1.300186112760509660e-01,-6.004305153888550572e-02,-8.564575650613519275e-02,-1.901091337422085581e-01,-3.158115305851046800e-02,1.355722237167212851e-01,1.703112783157173793e-01
-3.908655462488846294e-02,1.411502847250964976e-01,-1.845394948824952974e-01,2.667871250209042921e-01,-8.419600513835254207e-02,5.502798764570087514e-02,9.992137174422038859e-02,-6.937187902300816222e-02,1.191168960145205236e-01,-2.048464421715418815e-01
-1.958774955653114491e-01,2.175346881900282192e-01,-4.641783055652395039e-03,1.112068822914343003e-02,7.017458158531375556e-02,1.064054663282942717e-03,1.813967558551221881e-01,9.987374588083595961e-02,1.943974585411926623e-02,1.809319989752560809e-01
1.507207777191591214e-01,-1.692112555125311613e-01,2.476595903711386881e-01,2.955344275704110957e-02,1.272479786321042139e-01,1.313227055086713113e-01,1.786435475813890304e-03,-6.526732084548618473e-02,-2.701633709911431258e-01,9.914395199515438351e-02
4.827811343179670700e-02,1.971244968152199850e-01,6.242441211417761732e-02,1.741596188606753803e-01,-2.251387134060527095e-01,-1.420292301340042029e-01,2.146643943582163538e-01,2.309700139142175923e-01,2.147472110991473782e-01,6.596789536101034697e-03
-2.292757068568756773e-01,2.973827618509452403e-02,-1.460619751132061217e-02,-1.277116715175841688e-01,-2.146504583760872054e-01,9.118960202647430346e-02,-2.918284934391294008e-02,-1.132435963173291510e-02,2.103151693323269261e-02,-1.258169570592647668e-01
8.689631343326906232e-02,3.117627286854050481e-02,-2.411635929417222379e-01,-9.649846609673744247e-02,1.401684952412054763e-01,-1.271387862599840657e-01,1.866012765387366212e-02,-1.278728794817773351e-01,-6.485329531434587402e-02,-1.578632961834917220e-02
-7.930513680393191933e-02,-8.515696464029995361e-02,-2.082750597474607723e-01,-1.474723059199071207e-01,-1.631242779491450523e-01,-5.153303906806368240e-02,1.697466019580474300e-02,1.592169475435779857e-01,2.627434549243486475e-02,-3.589881788936687829e-02
-8.754748868435873257e-03,-8.847843888338599583e-02,-1.138360623986059417e-01,-1.412008415861756017e-01,-2.398718900795289259e-03,1.755848609493846193e-03,-1.638391365221953389e-01,1.377035137287743738e-02,-1.514064496832498094e-02,-1.185095153593335865e-02
2.380589477901568218e-01,-5.681851430039444074e-03,-1.015419789810148576e-01,2.444250269129893960e-03,-4.404099146349021304e-02,1.011129381218483780e-01,1.298902076400227368e-01,2.632649339427151625e-01,-1.288292634944620818e-01,5.813680089573022153e-02
-5.706838760157892029e-03,-1.870927227404699245e-01,1.763920595489203991e-01,-5.805965081989192950e-03,-3.992154247340803236e-02,4.874798198515359338e-02,-9.618178154282579218e-02,1.993581539324498220e-01,-8.502826413914472969e-02,-2.252983358132623071e-01
-1.387712170687849522e-01,-1.779608835091622474e-02,-1.425782253459007554e-01,7.295693615820024458e-02,-4.884802218120080919e-02,7.996647886626911950e-02,9.923398347671953668e-02,1.106857309922402166e-01,-1.333274329339302969e-02,-2.220936738146599976e-01
-3.009741038497791218e-02,-1.872162484581906816e-01,1.411938975653984074e-01,-5.991228153667350897e-02,8.046881136888738018e-02,-1.048677747017409956e-01,-2.478043319723860216e-01,-6.724465468340151686e-02,-5.724492151992309659e-03,-1.651136133254680616e-01
-9.012731307561416827e-02,6.565796291720833733e-02,1.148520287094480230e-01,9.997164228287526433e-02,-1.330970948953582866e-01,-9.079320623779330371e-03,9.103680713207537578e-02,-2.194907827885444751e-01,1.431393807090816928e-01,-1.457069553499650283e-01
-8.982762401676323838e-02,9.178701362954781728e-02,3.787681049794838772e-02,-7.682850686338586754e-02,9.899211103554605984e-02,1.923073770763655543e-01,1.735448966058682763e-01,1.399315927045999275e-02,-1.687880973425470998e-01,-1.302009837394621783e-01
-6.903803602332944656e-02,1.632687829569555438e-01,-1.462788692407359648e-01,1.815899597163790069e-01,-5.502138744363140738e-02,-2.614040801704052563e-02,8.743444216026904914e-02,2.153040994545271647e-01,-2.511785909300253694e-01,-2.744315490640073518e-01
-1.865560227777709745e-01,-2.454913119938978427e-01,-2.471107260922232596e-01,-3.681937631541523648e-02,2.520239680491640488e-01,7.741761404943231506e-02,1.443491073760217458e-01,-2.219346487288978431e-02,-1.041563555175897410e-01,-9.638931969401133559e-02
-1.483737707336073852e-01,-1.806172572016918609e-01,1.412841500464824540e-01,-8.271747699628154149e-02,-1.322203756883625313e-02,-1.931093325856091114e-01,-1.342163806119094603e-03,1.340718934065956991e-01,-2.675162989314660011e-01,-2.677588399981655765e-01
-2.965479360127046826e-01,-2.841803666094157022e-01,-9.541158187558386461e-02,-4.323937064788280910e-02,1.758043268007621340e-01,1.670431230820421387e-01,7.578737217242678681e-02,6.766450810630754431e-02,-1.616412519485378452e-01,-1.145923284818306381e-01
-2.316605066637454080e-01,-1.041209712796296316e-01,2.533264760358688254e-03,-1.751313648705226100e-01,1.582014469660162070e-01,2.431497124784852970e-01,5.115863936648888666e-02,-1.030246717069538270e-01,-1.197558644896809105e-01,3.111194120635007443e-01
1.023688246020683888e-02,1.875117352258749981e-01,-4.562623022520936183e-02,-1.727116406769929335e-01,-2.441072896511581602e-01,-4.202989775735750666e-02,-2.303684068123479020e-02,8.580470904712503288e-02,3.150492698568009564e-02,-2.160061541117610229e-01
-8.181989635304358355e-02,1.461292529002162777e-01,-1.658329453373314777e-01,-5.887271265013113014e-02,-2.015287019617999775e-01,2.236848624633474281e-01,3.669477556621407455e-02,4.426681353414991388e-02,4.250988858084737282e-02,-2.506552822767974323e-02
-3.117574484335158824e-01,-3.119296706703364452e-01,-6.593943535646383525e-02,-2.346020606625927873e-01,-9.408364573473955439e-02,-3.539280252246645997e-01,-2.104293421278865817e-01,-1.814378922884340717e-01,-1.068241992037286814e-01,-2.326682428058116647e-01
9.053736303551741804e-02,-3.501866609902890698e-02,-2.148779057551670757e-01,2.806207317371537946e-01,-1.018289334930991136e-01,1.702409335958426639e-01,1.665128908780026951e-01,1.980702481659538661e-01,1.362392675444900614e-01,-6.407984878258615735e-02
-1.999317897014721845e-01,9.809936221882005480e-02,-1.092968228696175464e-01,1.889960705527844037e-02,-7.042896687252772625e-02,-2.213366362849908398e-02,1.962244332671531089e-01,-1.019991019229114920e-01,1.138738287737991670e-02,-2.078945761544405135e-01
-2.454610824869303820e-01,-9.386083469582012784e-02,-2.580499056771661803e-01,-8.876341110464695816e-02,-1.560956992439957447e-01,-2.425326299848826472e-01,-1.679496122891435683e-01,-2.403495178211345895e-01,-9.852490589980487413e-04,-1.706437740600123265e-01
-1.331196701663703019e-01,-5.415746512929251605e-02,-1.151058877809316011e-01,1.948389664829641710e-01,1.850809693125844008e-02,1.877690717121545394e-01,1.974619867222679459e-01,-9.795230761417547324e-03,6.082131736606954941e-02,8.800759973343628972e-02
1.972858764722124070e-01,1.455470968192982828e-01,-1.603838298947882213e-01,-7.747045212000802650e-02,8.974392332586732246e-02,-2.068863976697798979e-01,-1.296427320049600707e-01,-1.417138790524747616e-01,-1.664867999908094809e-01,-1.070045042962926574e-01
1.793196412275966378e-01,-1.644367759949619812e-01,-1.590657575378121857e-01,-1.715285403639610073e-01,-3.172037123713201262e-02,2.198494572672479996e-01,1.203418941168519912e-01,-7.562919824728656093e-02,1.956234884534651663e-01,-1.452287535500281779e-01
-5.577025451382742159e-03,1.250896832124554769e-01,-9.652574293685675655e-02,2.427507436686599240e-01,-9.133670522852063711e-02,-3.308989870350594054e-02,-3.265249363969683488e-02,1.491518093736335926e-01,-3.127621050915841971e-01,1.668750271904231586e-01
1.794510038712981981e-01,-8.027840981523236275e-02,-1.750702641548168570e-01,1.396117122068093741e-01,-7.534350051424887557e-04,-2.603691530988049840e-01,-8.108174651774849306e-02,-2.299757804324381871e-01,-9.508430483347561635e-02,-2.486218766573014272e-01
2.534558632356300190e-01,1.611299802430506689e-01,-2.655608214008604515e-02,-1.099476536188586928e-01,1.750422710857257522e-02,1.322881591555856717e-01,-4.569403272339458977e-02,-7.314587568575069143e-02,-1.067339280685736386e-01,-1.994484444475301821e-01
4.443972502008314979e-02,3.162875437080645002e-01,-1.857615797953793280e-01,-1.987367893155477239e-01,2.653016270845630076e-01,1.432405521131661918e-01,6.309964713963832871e-03,2.247791087814816902e-01,-3.620941992949939375e-02,1.293066360769130063e-01
9.108324864514492913e-02,-1.155378928146818911e-02,7.494979824226212506e-02,1.333685670960613467e-01,2.430078130570396677e-01,2.732166929934931043e-01,-1.172703369772569032e-01,1.782712959921683715e-01,-1.647714514228171834e-01,-2.734395844083954974e-01
1.442659128524921563e-01,-2.114003335982765630e-01,-1.920452672557942109e-01,-2.308612288243235000e-01,-8.590128291411223971e-02,2.079267711987879338e-02,1.428248759940830281e-01,2.273556872773777049e-01,-1.506309447397908841e-01,-2.054773643209163170e-01
-2.179791901308175961e-01,3.470043559905743209e-03,-9.166273852445883108e-02,-1.868425807300804486e-01,-3.409499276934382928e-02,1.219568553940620220e-01,-1.349940448923554748e-01,2.083222299200845895e-01,1.266082358870397329e-01,-5.771601600121494674e-02
7.328568251825243185e-02,1.064533083390690471e-01,-5.075896060166572993e-02,6.442621005255143307e-02,-1.116367880741267610e-01,1.147734400307246494e-01,6.173340309155742750e-02,7.816495153619763825e-02,-2.772530384068015025e-02,-7.811496721224753248e-02
-2.015583632803129854e-01,-1.798681472266729364e-01,-7.596334798400534646e-03,-1.110191846656045922e-01,-1.846369521950393944e-01,2.237123642727646688e-01,2.868187455607575376e-01,6.699623172476709687e-02,-4.472761619342064537e-02,1.085274508342970595e-01
8.935080818478147169e-02,-3.763825310260075080e-02,-1.052637795464584358e-01,2.188216841325738848e-01,2.116023380041513746e-01,8.843376761192048297e-02,1.889094285326970435e-01,2.377655882808786814e-01,1.456735640654270580e-01,5.906542830393417091e-03
-2.045372785476485544e-01,-9.445547314916598325e-02,-3.984677169316036549e-02,-1.506457302084579231e-01,-2.339020027841198432e-02,-3.418843837162108268e-01,8.026843204350523134e-03,1.668817156574555621e-02,1.393693428173408966e-01,1.760563980312076504e-01
2.822435028907785415e-01,2.534482204331076072e-01,1.333219459358543357e-01,-2.052267619082957795e-01,1.186831602992464568e-01,-1.830963615060702751e-02,2.379085880367609249e-02,2.579499351113133040e-02,8.044143404002856990e-02,-8.948358134155409704e-02
1.932402808848347475e-01,2.322688252083962568e-01,1.074200065042662661e-01,1.347287512149387967e-01,2.931083004948100146e-01,-1.749832620093893787e-01,-1.150046892756947763e-02,1.527159279242924494e-01,-2.832497821381744219e-01,-5.124126494700874390e-02
-7.550739111432175354e-02,3.340007659566847364e-02,-1.948225620771214250e-01,1.442849531170331823e-01,-8.077776554648044560e-02,3.312768800998766236e-03,-1.475677353961252769e-01,-1.854669029142565762e-01,1.878253034433993718e-01,-2.247772850386443866e-01
-3.913380477619619879e-02,6.564908646243707013e-02,2.977301054682298109e-01,-2.069250202143609607e-01,8.168381615585625088e-02,-7.989245705396247343e-02,-9.613526196100805055e-02,-1.132972363617654049e-01,7.551696855676764963e-02,-1.789788380274764112e-01
-8.823913559261559181e-02,-6.596453334701846138e-02,1.028836546025333060e-01,1.614811395175008435e-01,-1.170585148241088530e-01,-1.148750949634594343e-01,-1.277492134987442615e-02,-6.519094753287303645e-02,-3.039632071939710189e-01,1.829670710709014048e-01
2.503199596470403465e-01,7.200266166163540871e-02,1.049557063217134711e-01,-9.526838508473356448e-02,-1.143653556098568336e-01,-9.371781737143597413e-02,8.126941107217797167e-02,1.761294119041713346e-02,-5.514235664600468378e-02,2.114584804422213749e-01
1.792881551099663739e-01,1.819911517064881357e-01,-2.225271401568972851e-01,7.116909258888907963e-02,-1.368058190694276255e-01,-2.200080069139774899e-02,-2.128425194065259041e-01,4.967963186567558170e-02,-1.150112857174587638e-01,2.514876951527311721e-01
-1.141626125226715416e-01,-2.512397529216241904e-02,3.163930087593216922e-01,-3.811951700282102673e-02,4.857552394695089509e-02,-8.825621017376018840e-02,1.792658552456945220e-01,6.335330871727963553e-02,-4.764644448835411022e-02,5.304393872511754121e-02
1.258172093106993406e-01,-6.960858259792117309e-02,-1.126207533328780486e-01,1.841610428882121953e-01,1.865006563694129038e-01,1.062790919436892717e-01,1.040641495052973958e-01,-6.511086230345772274e-02,-1.294905094780972044e-01,-2.426483104729162954e-01
-2.631857434736832868e-01,-1.752781821158818920e-01,-2.797779829155531695e-01,5.482560490630035421e-02,1.442535995204899946e-01,1.217199852605596044e-01,-2.145398159335835941e-01,3.274265188903958262e-02,4.021422964440065501e-02,-1.959733499235614962e-01
-4.143813599267164721e-02,-1.228890648192507151e-01,1.213888182538773036e-01,3.266489955367680720e-01,2.330047772167881392e-01,5.822610517611923053e-02,7.249812885390430339e-02,1.041782085316613343e-01,1.237979951986441507e-01,1.945890215788728117e-01
-2.903525306719608595e-02,-1.172679073683805528e-01,2.186769309541742312e-01,-2.463183727358847497e-01,5.986938856885960780e-02,-7.065197978922307942e-02,2.222445458203322344e-01,-3.902848948643631959e-03,1.186334066675092946e-01,1.139797638163634330e-01
-1.272475615706322172e-01,-1.240792863603063928e-01,2.516340570442547955e-02,1.061327708610280834e-01,-1.952080795734630059e-01,8.497407306752682854e-02,-1.711886697526399798e-02,6.877357145388796056e-02,-2.055939753366184397e-01,-7.127198596405817654e-02
-1.477433167652120738e-01,-1.209630738082526774e-01,2.007727614598828481e-01,6.170276278823556143e-02,2.555467803602102794e-01,-6.279854804181664307e-02,-1.017831816065760259e-01,3.091357131124897184e-01,1.501179058975164182e-01,2.120370236210316062e-01
-1.492199464118478536e-01,2.648752548297076403e-01,-6.040337674327870415e-02,-1.363462575716072600e-01,1.415094408708024443e-01,-1.139481088370098705e-01,-6.640727297357183756e-02,-8.808800902326038851e-02,5.840749700545368878e-02,2.717192204324669902e-01
3.243990700489969570e-02,1.280441808120943992e-01,-1.633320272318371236e-01,-1.117874574994615205e-01,4.875333091925949242e-02,3.310594406092861458e-02,-3.632914484565245572e-01,-1.180715478092224796e-01,-1.365554331304143498e-01,-1.325568661737074050e-01
-6.437862647940185978e-02,1.527446493218241434e-02,8.952636131643829098e-02,2.889004084351599055e-01,2.058810014210682993e-01,-7.155960518709219946e-03,-4.739551760210229669e-02,2.544384330351394732e-02,1.238661122478613430e-01,2.225875791171939011e-01
-2.618217241948481711e-01,-2.580125414797524996e-01,-8.747319872204256663e-02,-2.917823507238773151e-02,-7.414690200960639965e-02,-1.067646611774068499e-01,-1.627849217629928347e-01,-1.777108247966718291e-01,-2.079866576801735548e-02,-5.726184371372347592e-02
-1.251464968587588933e-01,-1.951478004307822534e-01,-1.333328926374755530e-01,-2.813855957859645041e-01,5.751981716832976765e-02,1.635300437902391379e-01,-2.359862247998488829e-02,3.484537943779263819e-02,-4.773681922478727191e-02,-9.433676756132677865e-02
-7.254464316966700854e-02,-5.746810732140603117e-02,-2.402135821540452576e-01,4.398379209127507156e-02,7.741715098950137375e-02,-2.772608630665768237e-01,2.796842336284945107e-02,-7.580927372391024766e-02,-8.437268761591570909e-02,4.083599767043454704e-02
1.643009074522922344e-02,2.116292861094228872e-01,1.419911215996919052e-01,2.283892243882003070e-01,2.124485788361385741e-01,-1.011216294360227919e-01,2.712163236835567481e-01,1.364173230218544142e-01,-4.525898184370207716e-02,-3.868172914346015845e-02
-4.658142830706003129e-02,-1.765599924689864875e-01,7.683761438933155337e-03,-3.885489419817902274e-02,-1.192113699665087179e-01,-1.528448488313636777e-01,-1.943930950022806359e-01,-7.559765708503284054e-02,-4.445280450767036956e-02,1.593139485389305221e-01
-1.643966095327582533e-01,-5.430542111678372114e-02,-2.301714512585464056e-01,-1.376036847521497630e-01,-2.591613652478094720e-01,-2.079918277666103765e-01,-3.802529552146836217e-02,-2.299517080140551784e-01,-1.200562374562467866e-01,4.243303443295964872e-02
-1.414008133014940383e-01,-6.223931052490067235e-03,-1.234651603514634877e-01,8.993550665297248004e-02,-1.111784159309777698e-01,-1.553020431046350514e-01,-1.005345647596926351e-01,5.617833156741531414e-02,-2.926749296519666130e-02,-5.566290065269075688e-02
-2.174357837569751983e-01,-2.336741496807726859e-01,-1.639785498860476531e-01,1.700227813594850368e-01,-1.236603123016984107e-01,1.362080372976888221e-01,4.841953824045405058e-02,-1.965063487295775901e-01,1.543768537762930104e-01,5.007882043608764822e-02
2.036351473060890871e-01,-1.295324365830715085e-01,2.015454379630941817e-02,6.996883534052428244e-02,-1.910375894527452378e-01,9.787978256648054154e-02,-6.676914133412982510e-02,1.012864189469885184e-01,-2.394030666324430678e-01,7.346059181138023253e-03
2.853941636563766746e-02,-1.240511960635044542e-01,1.160859935134020970e-01,1.786574820197020241e-01,-4.926753096948861821e-02,-2.043534115233698600e-01,1.031973537392355672e-01,-2.716200301142548401e-01,1.404842471267226389e-01,4.190364777504433647e-02
1.014119354846814008e-01,3.640280600449422033e-02,-1.651208071173110858e-01,-5.566169202627924834e-02,-2.325143735476008222e-01,-1.716645306736648557e-01,-2.301040429778714314e-01,-4.016237450145598853e-02,1.791754071029805218e-01,2.194819684379152869e-01
-1.304160123951499106e-01,2.094604421167763075e-01,4.741497138496680169e-02,-1.771444771253904704e-01,-2.324399936182860171e-01,7.992137817605721173e-02,2.127986475760066665e-01,-1.854913750464663724e-01,2.089426590619620355e-02,1.681109102873389605e-01
1.155061819357605657e-01,2.009833756942298044e-01,9.020278673359555244e-02,-1.533130732909693261e-01,3.236712661258395740e-01,1.545650601191978779e-01,2.075010854599425025e-01,-2.317076370972814270e-01,8.280753189133192860e-02,8.306450592589398330e-02
1.488222052246697125e-01,-1.153247503210518415e-01,-2.167175693411241000e-01,1.039509768189428168e-01,-1.325182052242665498e-01,7.343299102571865244e-02,-1.685120558984525285e-01,-4.133816501648020225e-03,-7.403062133656820865e-02,1.741620023211991677e-02
5.140880243217601370e-02,2.375098450090525337e-01,-8.152646937913388125e-02,2.750627974545174492e-01,1.749059303109909147e-01,-4.981463387089579004e-02,-1.864599562574172920e-01,-5.498176543501435282e-02,1.842327014218293757e-01,2.928165215425719281e-01
-3.318100776856394707e-02,-1.742646870363668554e-01,1.403307160109923402e-01,-1.354352635183458387e-01,-1.647848733262873566e-01,-1.958210685823489616e-01,-5.027908124509200549e-02,-1.650858492388403431e-01,-1.539357912520376570e-01,3.381663954703902769e-02
1.551098738948682720e-01,2.114845654908071304e-01,-7.299993135057490645e-02,-6.730815691192745635e-03,-1.814992595061659941e-01,-1.700781737494839185e-01,6.414887139544325767e-02,1.152027926163014075e-02,-1.183556096411143843e-02,-4.513110747437035913e-02
-7.033280852571528741e-02,-4.938462620377835621e-02,3.917846915982953759e-01,-1.609558358795458166e-01,7.803154358684290248e-02,-2.245417508254563821e-01,1.853042522970260730e-01,1.082582387699730780e-01,-7.364494466022024344e-02,2.643898511256273509e-02
4.057110825022013784e-02,-7.258172596975256963e-02,7.213220447649937306e-02,1.942340344415091069e-01,1.184500079792717153e-01,-6.257245419892545901e-02,-7.458774261910804115e-02,-1.513609143938809184e-03,3.030211283334427116e-02,-1.382139126320748312e-01
-7.350936073130091841e-02,-7.257941450469115874e-02,-8.423307191364622082e-02,-5.013422455983210929e-02,1.315158230042539622e-01,1.658848188176125227e-01,1.515759425587863494e-04,1.315492730189936899e-01,-7.384599404883117335e-02,9.577400018961770845e-02
-9.893245505780504101e-02,-1.145389512430100981e-01,1.005181048012293715e-01,1.940430310677153857e-03,-4.120402732860958123e-02,-2.567485735160599525e-01,3.846790133255659216e-02,-2.060996669366976612e-03,1.678785421638677167e-01,-1.926907500106540827e-01
-8.316393998685288336e-02,-1.229104364236304342e-01,-1.511655207125099099e-01,1.566536584305079638e-01,7.266373722241657729e-02,3.655916420653397558e-02,-7.706967229013625235e-03,-8.195488168202766377e-02,1.704976412381551676e-01,-2.392865476852511133e-03
-1.151073576786545288e-01,-5.539052764104830662e-02,-1.447748114831410304e-01,-4.049362296868994765e-02,1.398346837109334939e-01,-3.710957150933269760e-03,-2.076985502864590605e-01,1.543629925361096056e-01,2.233161664384663014e-01,-1.085453236216660788e-01
9.105950462929582323e-02,2.523409287769171408e-02,-4.904474682981616041e-02,-1.617750956951754249e-01,-2.209386793836577451e-03,1.077727344250493796e-01,1.431713635867994938e-01,4.846495933255956165e-03,-1.082032681194367435e-01,1.496250193801488826e-01
1.071600923209147654e-02,1.819271263291281221e-02,-1.964647957202872788e-02,-4.898719829358161304e-02,-2.197159148495811121e-01,1.410708199819213360e-01,1.171909651912253353e-01,2.155740654132857759e-01,4.045248474212696788e-02,-1.540073120766721204e-01
-2.233226715939466145e-01,-1.973078325328009655e-02,8.718743262554652651e-03,-1.908036851431770820e-01,-4.699256657445245039e-02,-2.223219461328270197e-01,1.769050141075485805e-01,-4.459198718001081141e-02,-1.359739836687883230e-01,8.887012370396919769e-02
-1.336515006960804219e-01,1.163433120001186594e-01,1.390883071898743883e-01,-2.404771784380441702e-01,5.808983117883425445e-03,1.436791525225503685e-01,1.373904723022799645e-01,-9.914718733361830780e-03,-1.309046932941185515e-01,-7.639463950250771629e-02
1.306950335179452305e-01,1.184750965392527278e-01,5.548253201340142687e-02,-7.784971673388621505e-02,1.340858689870801923e-01,-1.822890599020799696e-01,-1.338230656915308514e-01,-2.578422157022377398e-02,-1.950270212827847627e-01,-2.017136003163199354e-01
1.271814598649539385e-01,-1.527674806947388608e-01,-8.855270526148757704e-02,-3.535615927652108886e-02,1.547520715791703139e-02,4.925336866956260551e-02,4.218657109447062487e-02,1.769705247655820046e-01,4.902321362012834055e-03,-5.734915472397249248e-02
5.652985860578920579e-02,1.619435664434953686e-03,-8.560701914574232740e-02,1.037611918195004007e-01,1.089097769928934617e-01,9.120344617394002956e-03,1.357279298581339499e-01,9.527440074347789944e-02,1.125923154982283042e-01,-4.221423163647224086e-02
7.919613508532992452e-02,-1.498209099749819861e-01,-9.180853491495634400e-02,-1.137261386163465754e-01,-2.218636736453209746e-01,-2.624914900444101362e-01,6.041283599648774455e-02,-1.676597254825298589e-01,-1.731304710249419732e-01,-1.478267621365111362e-01
-2.499048455000138502e-02,6.085974205790266323e-02,-1.283169288730037771e-01,-5.893647299423580843e-02,2.361001621297657560e-01,-1.537692179472997800e-01,-6.081521260008235924e-02,-1.594151118733434236e-01,-1.026690758804439246e-01,2.214090268656934701e-01
7.650110186398094425e-02,5.100745218942043940e-02,-1.738705512407848763e-01,7.959375183938706411e-02,1.084641685098251679e-01,3.558850646225816816e-02,1.406952057830375136e-01,1.528139254380361522e-01,2.801916862686855136e-01,-1.945208260920524082e-02
-1.067694943685116721e-01,4.547665992733537776e-02,-1.334809719882041334e-01,-1.781537646442289402e-01,-3.628794279052607874e-02,-1.727346075959512450e-01,8.819967135202629038e-02,-4.552326092147036081e-05,2.040203549074426012e-02,6.284952450706287296e-03
5.093748470265697416e-03,-1.678395146693903162e-01,2.374984451940118646e-01,4.871057873212524675e-02,2.279694281341508588e-01,-1.556569142895536557e-02,2.063710852685228248e-01,5.071945730828883447e-02,-2.443558498371088961e-01,6.209412065240230150e-02
1.329800658453250128e-01,-2.116709185976684005e-01,-5.780709009773077334e-02,-1.093185255370499459e-01,-2.901357846318734779e-02,6.084386333139299441e-02,6.951351987212014971e-03,-4.405263158735391038e-02,1.291488959272456549e-01,-3.006633131997584196e-01
6.767938656910210682e-02,1.947336989844101751e-01,2.712852818903104812e-01,-8.430335163424447498e-02,-4.099271842311558861e-02,3.268029037133217407e-02,-2.253605217264147142e-01,2.918473781310106097e-02,-7.167982384739701729e-02,-2.248896230572740643e-02
4.716945457316424478e-02,-2.136076462378537766e-01,8.844088038999360635e-02,2.811718117894306812e-01,1.715563481936727697e-01,-2.057409827690524773e-01,-1.680219379446411532e-01,2.549825424614675096e-01,-3.906932330518693430e-02,-1.542851149479908812e-01
2.634906649959565250e-01,2.980287050282662276e-02,-6.451702883102632818e-03,1.581560977428773385e-01,-9.294596526639695155e-02,2.986222175501766496e-01,1.109988289790687088e-01,7.754835541328344850e-02,3.688765892973759619e-02,-3.438576057660989310e-02
1.726062715844575435e-01,1.535991047333195095e-02,1.115770960381503862e-01,7.528672840242673758e-04,-2.433613957118228865e-01,5.237365336773126129e-02,-3.301738871849770052e-02,-1.070485232761782951e-01,1.062902110340763623e-01,-1.256430665909341431e-02
6.319866000070455125e-02,2.784046697488017780e-02,2.239357700778711324e-01,-1.994316362480650362e-01,1.782126427860344919e-01,7.531835510047769910e-02,-1.115508678863252334e-01,-1.391786237662489267e-01,2.701253826521722856e-01,1.792732894827038237e-01
-1.186960913883365193e-01,1.139569013660179930e-01,-1.489928734531921761e-01,2.174175896344598680e-01,-2.638022759431145337e-02,-8.930755472071880141e-02,3.437752631463780739e-02,-3.283101955224431573e-02,-6.657490434190474482e-02,-8.381922459382520896e-02
2.057198849707388422e-01,1.086602706094736137e-01,4.484855482877558169e-02,-1.461172002331725950e-01,2.141034443636304907e-01,1.424498479149443608e-01,2.267800552266612812e-01,-1.275179562605778527e-01,-5.810117357262500892e-02,4.818986889729486023e-02
1.108544265870364635e-02,1.683059925433815773e-01,-1.883568428662295013e-01,5.229826258907341319e-02,2.546724307053581122e-03,-3.191792612562031894e-02,-2.152812738572046081e-01,7.230296544460505792e-02,-9.509809990643129651e-02,-3.053785910761000477e-02
3.033657009760946099e-01,1.704977509039752870e-01,-1.272427711648985160e-01,1.631988889795489561e-01,1.316814712217987404e-01,5.655780540703313902e-02,1.466723715302558906e-01,6.342048459482485523e-02,8.771226052003151807e-02,-5.445740980774459172e-02
7.786078488730688307e-02,6.737980381613285774e-02,-9.400727380673680467e-02,-2.046306961752528825e-02,-1.339434720589752770e-01,-7.197603309801159366e-02,2.086490403043070596e-01,-5.159883984018622666e-02,2.303245008024950302e-01,-1.987221928053590492e-01
3.879906880735629893e-02,-1.836487325061756173e-02,-9.587236352032600661e-02,-1.207134368921500278e-01,-3.094956797832331546e-02,5.116866298959756032e-02,9.784988030683490490e-02,1.226726093766417058e-01,-1.218596660383884644e-01,-6.990232777245558582e-02
2.172560240450471108e-02,-1.069985619347549148e-02,-1.559897581058199978e-01,1.076764395325099932e-01,1.564821788315248485e-01,8.281564216297594705e-02,-1.486430800741118108e-01,1.562771581816524702e-01,2.794627065120882659e-01,-2.855920302423988269e-02
1.106110044332625636e-01,-5.380322487948581422e-02,-1.075211865967398150e-01,5.310324040297447618e-02,2.764208428550663996e-02,1.082543810367676412e-01,1.931343218537960871e-01,-1.844602743963205116e-01,1.999083790502862445e-01,-3.400287848480777059e-03
2.757227138759619708e-02,1.318502882696828173e-02,-9.204278181504269019e-02,-5.932817146930315089e-03,-1.827045580647997103e-01,-2.536940984928046094e-01,-8.938420062252831755e-02,-6.852180831020114604e-02,2.056843031179530212e-01,-7.308275527810714767e-02
-5.280608789633581962e-02,-2.474819626987753152e-01,1.062522589160484754e-01,-6.694407724161795248e-02,1.547147126235078399e-02,-1.158186759767127344e-01,-1.880914611199630826e-01,-5.982172416767903012e-02,-2.620439206008767230e-01,-1.989353155897131409e-01
9.111455254996628228e-02,-1.218129897711015541e-01,7.351653247516293579e-03,1.108054276322353454e-01,-5.243298041626959227e-02,-1.775470326251705200e-01,-1.779214477985009424e-01,1.310250253731271852e-01,1.942041511425594280e-01,-1.801661116641406490e-01
-6.880143028130313032e-02,-1.262943647241369372e-01,9.069838560546886197e-02,6.822750500189297962e-02,5.250976706820480178e-02,-9.325454941923110030e-02,1.858238645707156744e-01,1.193479987988795010e-01,-7.303832305008751968e-02,-9.347434998891897273e-02
-1.410277763189127231e-01,-5.791962624152564854e-02,-2.335338703373766311e-01,-3.095488630253916962e-01,-9.876714705003911132e-02,1.960704186968096063e-01,-1.952595391192303298e-01,1.425482687251758140e-01,8.066150737331828635e-02,-5.584335088519416790e-02
-2.276733517969152243e-01,-9.504517476560675471e-02,-7.564482726192417461e-02,8.610123848926291368e-04,1.512868707121975409e-01,3.459805381448809170e-02,1.327814365717031875e-01,6.156005789370923992e-02,1.788105793569366164e-01,-1.000311379878470602e-01
-1.560279553861454449e-01,1.252698951670194460e-01,-1.720899679032907026e-01,8.298288071760973050e-02,-1.866773357919515042e-01,-7.907305834212098594e-02,-1.689067143785540070e-01,-5.117743923575542725e-02,5.076959607300009225e-02,-1.779712109257171049e-01
-2.039270431470781297e-01,-9.983749096280009061e-02,-5.439360527773217518e-02,-8.252394981747707137e-03,1.609669992785638451e-02,6.455144238209199747e-02,-3.198971419136508176e-01,3.422865164355019113e-02,-3.635314949424153785e-01,9.672423828276059676e-02
1.598429700201527137e-01,-1.388532667440569857e-01,-1.048786432249988188e-01,-7.772032410305068466e-03,-2.134734209253860149e-01,-1.189227877871148059e-01,-1.011553762708932297e-01,7.438263177771234358e-02,1.579244263978511753e-01,-3.121729916238021735e-02
7.548901125736615092e-02,-3.203222441497418083e-01,-7.436751778807004776e-02,1.981940565295920720e-01,-1.078194540647110233e-01,-1.971196833284267480e-01,-7.743642960129642691e-03,2.894398120766898397e-01,1.317022584176765765e-01,3.159684334446462017e-01
1.306630193159901421e-01,-1.352858566375212401e-01,-2.175918842816924326e-01,-1.946380169580004538e-01,1.557776329980707086e-01,2.322378756200140226e-01,-5.077450554637158442e-02,-7.619636185920815319e-02,-3.420233838595806986e-02,-1.218589549229917857e-01
1.318478323915995842e-01,-1.027904297998532140e-01,1.333751897373815221e-01,1.490264823835351360e-01,-1.605104593567935889e-01,5.469922445383951226e-02,-9.487801602439006887e-02,-6.665167898328548668e-02,1.424565402375542744e-01,1.608140043857161638e-01
-6.736457823458308347e-02,1.639217443476919112e-01,-9.863387528006258009e-02,2.420385324304152319e-01,-3.252278965360489438e-01,9.714405261218717058e-02,-1.622836796900889444e-01,1.970546770038763829e-01,-2.021016595271231397e-01,-7.937520158849116492e-02
2.532442611720904790e-01,7.672062810021577917e-02,1.441975228842660439e-01,-1.453100496101495942e-01,1.427652184303828120e-01,-9.786116018742285760e-02,-1.456117611981311843e-01,1.889308986500662091e-01,-1.267982063040670043e-02,1.629249567891030148e-01
-1.462621198787168175e-01,1.414496103504701008e-01,-2.615465387587412871e-01,1.671024838018524417e-01,-1.379057548165212588e-01,2.179872547696154184e-01,1.744981294535339830e-02,-2.474973484657614076e-01,-1.478478407496785219e-01,1.364126904178558641e-01
-3.982951184736535644e-02,7.273878085033155805e-02,4.422025205438883527e-02,4.477209088511929780e-02,6.158373431789431612e-02,-2.112300034095194734e-01,4.616928625358480281e-02,1.798964501938828120e-01,-2.408227148584636268e-01,1.402937399302833787e-01
1.220207314344574079e-01,-2.293823139091707985e-01,3.027556237345334703e-02,-1.596848145780038197e-01,-1.821301598919310427e-01,7.974538669289640835e-02,7.962982252359346313e-02,-6.790824918362585449e-02,1.634260720843331016e-01,9.440785288230119088e-02
1.614965525350889053e-01,3.481481125812158767e-02,-6.176801947934681264e-02,2.413322909597485078e-01,2.195286953404381181e-01,2.352778669761688632e-02,3.138469302256911841e-02,-5.490747424824303502e-02,6.541249057382308996e-02,-1.349768078827229267e-01
1.161997655877479579e-01,2.385566687634118332e-01,8.081763913916335459e-03,-3.783788232342139013e-02,-1.028826591928798245e-01,-2.832520208981383902e-01,-1.928559350636304126e-01,-1.461814228858492049e-01,9.427111643991972767e-02,1.463546227350532025e-01
1.932956439111332692e-01,-2.618560553964710547e-01,1.892298031451692675e-01,8.387936264771053696e-02,1.360012487046711738e-01,-4.855387144866250837e-02,1.935044616218111746e-01,-2.475164336425124123e-01,-3.090811478047283956e-01,5.401391376444542730e-02
-8.656485494163006222e-02,3.132904711964347166e-01,7.876545479559222962e-02,-7.051071893554396175e-02,-7.310044829723656712e-02,5.292195205391401341e-02,-5.911403557666961017e-02,1.772027358260249708e-01,-1.703940457818996779e-01,-1.849184665928037541e-01
8.404456698024967420e-02,9.406360817120203166e-02,2.652231139791347888e-03,2.837333790938575961e-01,2.465521146489755080e-02,-3.045860084063659393e-02,7.881716534292449242e-03,-1.432529130111094839e-01,6.817397910851508147e-02,-6.395313795043695848e-02
2.237014628463196708e-01,1.349562058940403098e-01,9.898131905333992786e-03,1.449616461900021629e-02,-1.661227036856937622e-01,1.062158880795450577e-03,5.766556947476413064e-02,9.990651355581964266e-02,2.786804439199334071e-01,1.798364808398366377e-01
6.680536701436752371e-03,1.225994492944197101e-01,-8.554183373542699476e-02,-1.459456476751882503e-01,-1.578846576723879902e-01,3.974411215967001837e-02,8.596385523415496499e-02,-3.770888566086222295e-04,-1.970829700629950776e-01,8.449246981121243116e-02
-3.741463838140854370e-02,-2.176144389601034901e-01,2.794558316331051118e-01,2.028765952631927105e-01,-1.365136943676241998e-01,7.627939788467912041e-02,-1.212566459079874870e-01,1.839884011070712019e-02,1.304781822847505268e-01,2.382365408078052083e-02
1.184998912982868496e-01,-1.007825418333355150e-01,-1.841013283389749955e-01,1.391932653545316367e-01,-6.016943127779885575e-02,6.609524965683176434e-02,2.692115546976920903e-01,4.700317583345704070e-02,1.526781534514413952e-01,-2.652811918868095975e-01
-9.225306675920258437e-02,-4.876289119290089930e-02,6.513265692632236314e-02,-9.603825673889057613e-02,-6.650274384842753961e-02,-3.949391391578683380e-02,1.220071674876425510e-01,-2.238826090950328807e-01,2.232420113914544008e-02,-9.188812990443952222e-02
-3.747523180835850287e-02,1.206813943422761493e-01,1.872077956164413526e-01,-4.736541123470219827e-02,1.727072803213518803e-01,-1.871912780368735763e-01,2.166275095572321452e-01,1.911020600267396008e-01,1.082211837069192439e-01,-1.351563540228411797e-01
-5.459901430522390298e-02,8.481101154101691741e-02,-2.618946237210043049e-02,1.068437994970915517e-01,-1.661773158052380073e-01,9.807299699668869941e-02,-1.249181622188147989e-01,-8.971189690614915502e-02,-1.899890337372449334e-01,-1.716226212062757495e-01
1.015520134238461769e-01,8.756673832699216065e-02,-8.393845359015961183e-02,1.368187044765500383e-02,7.014959403379156244e-02,-6.912173210285633973e-02,1.055321846302268718e-01,-4.258022858855892157e-02,1.132967498226563653e-02,-1.761317020870286632e-01
-3.585164817857190451e-03,-2.766994411365264472e-01,1.776855299667455187e-02,-3.614338737959228720e-02,1.113669245284401865e-01,7.236727677522393487e-02,9.409655493484983535e-02,3.354230480278139886e-02,-4.662012173475355015e-02,1.105219871040340335e-01
2.012215903025045202e-02,-2.178922296027855088e-01,4.144811540712723535e-02,3.197824633016102536e-02,-1.562339057659000718e-01,4.589546347835813528e-02,-2.831068268726816967e-02,1.089987415685928634e-01,9.537181709446868050e-02,2.072942361944334067e-01
-5.508577657536491146e-02,-1.730873242450646776e-01,-4.054315699192679451e-02,2.020989168602681518e-01,1.401421344397205671e-01,1.743447019243779539e-01,7.732493951104381889e-03,2.432363198983936714e-01,2.436803484110041385e-01,-1.837637637850886019e-01
