2.414918602787384794e-01,2.168513094918695511e-02,-4.038587752881609427e-01,4.836149015889533165e-01,-1.377882291096073353e-01,4.634162356032778818e-01,6.427710692027219785e-01,-2.395553500603518349e-01,-1.932155089156783190e-01,4.624199939078641464e-01,4.131799942216892174e-01,-3.111567500716426737e-01,1.341456213232762595e-01,7.982446973386142508e-02,-3.157593791267493954e-01
2.820281512023828374e-01,3.342628666021704720e-02,-1.608008996917511813e-01,1.665208919096985152e-01,1.787908507344370124e-01,1.159698578616846776e-01,4.477331694958320285e-01,-1.539879252060824544e-01,-3.122923026054051920e-01,4.907667872240635831e-01,5.039754752554937989e-01,-1.458447641719673171e-01,-6.836116096493558003e-02,3.544447763602762147e-01,-2.006466539104969360e-01
3.007910090290561445e-01,1.006867962303368697e-01,-1.598246467459617237e-01,3.851235128889051729e-01,3.623701529107584141e-01,3.752243604396995891e-01,6.467395689495094580e-01,-3.662697723984167930e-01,-2.811487506252025037e-01,2.086963915254816671e-01,6.226714630452868660e-01,-2.750953186078287649e-01,-5.326403095430989332e-01,6.142426429158966139e-02,7.977387349270563532e-02
2.831872199912284244e-03,-1.073839881353387399e-01,6.228708179470438672e-02,1.372227569110262002e-01,6.248635481468507447e-01,8.487439271302990584e-02,1.222000230795696751e-01,-5.667818728573348341e-01,-1.958627504254611129e-01,2.112870742065240670e-01,5.326725095590054693e-01,-4.764327505336126700e-01,-2.834707848678048592e-01,-3.932196171790793282e-01,-2.064981077184749048e-01
-5.842342445415076024e-02,2.141814866986865296e-01,4.300816690320959923e-01,-2.401021545049750530e-02,4.985715748631292521e-01,-2.312231965906401052e-02,4.323648919093671661e-01,-5.799125482777431895e-01,-2.822595897713428906e-02,-8.246500487843146099e-02,1.136350354837098453e-02,-3.298352936792809942e-01,-5.148765520176455945e-01,-3.051730455827979527e-01,-3.393566862154475117e-01
-7.328126406094950807e-02,1.105666823957475037e-01,4.602891454353169598e-01,-8.076663519584713347e-02,9.727421822318699229e-02,9.468870883072916245e-02,1.029414744116372127e+00,-2.259547342585940810e-01,-1.265638090711042607e-01,1.745931362149343025e-01,-2.667969945754921496e-02,1.920789088574790526e-01,-5.479900548484056833e-01,-2.652703438142330894e-01,3.921949022195113377e-02
1.305624570639934146e-01,-2.031956149921820831e-01,-3.669809657509480461e-02,-1.181542390113223540e-01,-1.411723899416581218e-01,-5.440536223722353126e-02,8.850255665043924580e-01,-6.356338041372490422e-02,-7.717694941914925166e-02,2.006755444801452126e-01,-4.223733083944328226e-02,1.047894293883616240e-01,-2.377570301674946929e-01,-2.142244298452528339e-01,-1.095497926039093323e-01
1.760453758699899174e-01,-6.042595670044067363e-02,-1.000416026572275158e-01,-3.241930509125962590e-01,-4.057360740029433005e-03,9.197794083093716044e-02,4.811907593791165394e-01,-1.566257781293780016e-01,2.091008776029336935e-01,2.064511844846441888e-02,-9.389082920566546586e-02,1.709079943753841480e-01,-3.709852573989081970e-01,-1.183774734984316401e-01,-1.721947063690421331e-01
-4.880734274509190146e-02,-3.201989929829211160e-03,-2.315986394146814786e-01,-3.181374902894217871e-01,-4.356597477154192100e-01,2.012054748200032273e-01,2.505476035405378998e-01,-2.312869303103562077e-02,1.693015928492759004e-01,-1.330423551522309789e-01,-9.372902209741326707e-02,4.185199257390742611e-01,-1.069421607610577585e+00,-1.252895009921814184e-01,4.909855365148971251e-02
-1.695352496769593209e-01,-8.248130170495582281e-02,-1.214599800825576920e-01,-1.388364332555195590e-01,-9.141064325254870671e-01,-5.028083152388178600e-01,7.428895070151559921e-01,6.552906699653247846e-02,7.248739394356733257e-02,1.376091771343811720e-01,4.542453762080487234e-01,-1.955012590384276050e-01,-3.326171808133028263e-01,3.546658722413736364e-01,9.117679563643439622e-02
-1.889136143346853980e-01,5.633127964423430972e-02,-2.733552279108532324e-02,-1.155565686459291558e-01,-8.199503980862006269e-01,-5.345468237116706156e-01,4.376203724945921247e-01,3.787576403900348443e-01,1.384400929890545195e-01,2.062358731151942848e-01,2.023406864328663735e-01,6.117761381616558802e-01,-4.329776523048313175e-01,-4.032607977466702853e-01,6.655654192196722510e-03
-2.344499053050286275e-01,8.620081190998647724e-02,1.879224580282362334e-01,-1.416091398743304919e-01,-5.393377125242313497e-01,-5.724293299955957037e-02,9.626048260819534130e-01,1.612032957197669925e-01,-1.105396636649543310e-02,-1.757184352346267964e-01,-4.100537368778909841e-01,1.056857744107843500e+00,-6.357702262074611532e-01,-6.277678434395772555e-01,-2.828362030681579875e-01
-7.163846958858824387e-02,8.440869409684660651e-02,-5.025341139096876075e-01,-2.076721145832569337e-01,-1.525865516162576985e-01,-4.001506467436169445e-01,8.819630287856974338e-01,-1.894369443579954626e-01,-2.071031333868103910e-02,-2.648063171324416265e-01,-3.193516165008574714e-01,9.296700082279668598e-01,-3.021693848373432217e-02,-6.486013065181221726e-02,-4.763808143524576599e-01
-6.815398484084450592e-02,-1.090969862023235398e-01,-6.804570244188360428e-01,-1.518222824159159157e-01,-5.151320127737151200e-01,-6.413785983920219924e-02,3.414876213870939869e-01,-9.947319114854945299e-02,-1.232915669416178445e-01,1.633419272515187759e-01,3.295429581700969890e-01,6.158106780679067915e-01,9.472126639318456665e-02,-4.267526150470591362e-01,-5.465077347075709691e-01
1.847930496671371658e-01,2.006338592818095526e-02,-5.089978953218571300e-01,-2.314681533293149740e-01,-6.120147741863790625e-01,-1.914787759665442443e-02,2.263219928069034326e-01,5.549398187116634240e-01,-1.324051828376357764e-01,3.477611425735774864e-01,2.882970987126327184e-02,2.990409015878519039e-01,6.471114270829195214e-02,9.040686232414518742e-02,-6.698004794474500256e-01
-1.741609736509011977e-02,3.397009191279454221e-01,-7.648649129356400733e-01,-7.374012492357388468e-03,-1.583310294465812562e-01,4.707443097792455844e-01,5.516006348271362825e-02,1.382602948293807921e-01,-2.694635557149026583e-01,2.198549825215838360e-01,3.030473411088073221e-01,-4.750882675911616976e-02,9.106917688739148975e-01,1.771202006132439333e-01,-9.958549551597432048e-01
1.719835869893640568e-01,-5.389721750429201513e-02,-2.592331110478495598e-02,4.799990825662299732e-01,3.192488776203101231e-01,4.298786409991227075e-01,1.181871507894874662e-01,7.333728106036375982e-02,-1.062790415896499169e-01,3.798232795025733299e-01,1.342892249651997938e-01,-1.763849192585053433e-02,-3.725487550135190284e-01,-2.125433453464540545e-01,-6.365473702751435203e-01
-2.544488016871875383e-02,2.260060186487720113e-01,2.571510319741129313e-01,2.575314844075288212e-01,7.372741404833460521e-01,2.076864407195959106e-01,2.725871348175891717e-01,6.232597468799327967e-02,-2.282227908244018610e-01,4.073453311211104877e-01,3.325327496458271859e-01,4.095660258296048850e-01,-4.179828785796000368e-01,-1.143037315818371535e-01,-2.055424931623184015e-01
1.911069369381074856e-01,9.005966741845429502e-02,-5.447949845675106317e-01,2.983799693041427198e-02,-2.265835300467210767e-01,-4.310201200967321289e-01,1.364347838053047400e-02,-5.106983543329272068e-01,-1.258774913001494411e-01,-3.816865832809120812e-02,1.041618689923334284e-01,5.383279190606783393e-01,8.045851139310150613e-02,2.803177582160442660e-01,6.713331910748840392e-02
2.773802766360473071e-01,4.471701689678200808e-02,1.968041259731737047e-02,1.669626555235465548e-01,-3.094440742038305214e-01,-4.729872950708031154e-01,5.102502068493492970e-01,-3.832972954793923415e-01,-1.104539178722834941e-01,8.933280090220142855e-02,-5.921514458138009418e-02,3.838936983493907995e-01,2.132340836619766311e-01,1.192151154179404149e-01,-6.621854277101856256e-01
1.445321217303359718e-01,-1.594544774106109244e-02,3.048271425219747366e-01,7.425975104091906559e-03,2.181206669225577988e-01,1.173990977595396057e-01,-9.851697400100402000e-03,-2.809436305548818624e-01,-1.366022337964011568e-01,5.584165581771178832e-01,9.085524143945664099e-02,4.554887493791531100e-02,-3.240564981586452342e-01,-2.169896019402161869e-01,-3.174774064395245454e-01
8.278788009232410094e-02,-8.436222168920799735e-02,4.225517683419866000e-01,-8.351487902958487641e-02,-6.533683275397725865e-01,-2.647259501835474427e-01,6.128261549027642918e-02,-5.222589709530491842e-01,-1.616508419595359958e-01,8.244457621138001624e-01,7.338939088605322958e-01,4.434130683496924075e-01,-1.687303657121021760e-01,4.726379795298363273e-01,-1.288604602700222646e-01
2.070820025153468844e-02,1.212293877571461037e-01,4.055312033059883525e-01,-4.587038314333189565e-02,-4.108796820199694388e-01,-4.465049223537392309e-01,4.464583739026801168e-01,-2.717114802125521478e-01,-1.008110426594883841e-01,4.284678962613249764e-01,3.755364230286599159e-01,2.155558536939321257e-01,-5.167755468335629709e-01,-1.200841682868124261e-01,-4.358939520693018710e-01
-1.204941635720997162e-01,-9.534357907620270856e-02,-2.596134572875927748e-01,2.043467226927868918e-01,-1.051718004957803432e+00,-2.396467906321617450e-02,6.436233703503289050e-01,1.401017885854537459e-01,-6.828866590512420488e-03,1.420368773916523553e-01,4.579802414769744145e-01,2.717664201078030528e-01,-5.729489962613851795e-01,-4.297758142423719341e-01,-3.681592980935803339e-01
1.378596882312826954e-01,4.558909569548781279e-03,-2.588957286263416924e-01,-1.528035122396269145e-02,-6.848142178515895240e-02,9.201851964916055171e-02,3.769749083001505130e-01,2.842258095928860695e-01,-6.851380715616288419e-02,-4.025245169932532147e-02,2.651554515688623465e-02,-8.584384818247782489e-02,-4.666668013357588296e-01,3.003010588938774261e-01,-6.180101731918375974e-01
1.079953956316389435e-01,2.139293180595292498e-01,1.816586489931940399e-02,1.048794288938922903e-01,-4.208808863535247746e-01,3.298544816991152984e-01,1.625827199072848173e-01,-2.405593292075022815e-01,-2.023107488250358299e-01,4.049832815310099310e-01,2.389631416105723882e-01,5.550089636704349516e-01,-6.449748063657591013e-01,-4.748460543895759167e-02,7.139496683020167545e-02
1.869760813514472972e-02,-2.088319532776754597e-02,-8.493088817752062480e-01,-8.373954885351501606e-04,-3.502252306463984888e-01,-4.266987010356864674e-01,7.949339470322785983e-02,-1.415864795924706154e-01,1.019251167935542046e-02,1.795675470057187806e-01,4.455086409943410930e-02,7.392662488500345574e-01,-4.289951327966013972e-01,-1.326648125217696206e-01,-6.965251818809388429e-02
-1.841975373805448957e-01,1.102634396465781118e-02,-5.273434263142932066e-01,4.491858449841084483e-02,-1.015665226890899442e-01,5.636806715303138704e-02,2.964748095165692932e-01,-1.194038168765794300e-01,-1.668782613244150503e-01,3.194919285902952238e-02,-2.072837218844741092e-01,6.146118957869818322e-01,-6.404223204504694116e-03,-6.983246255971576888e-01,-2.004241340450118869e-01
1.089033974672417998e-01,-1.487188352009173875e-01,-1.801283595897020529e-01,2.599568636175483283e-01,-3.256186726564207906e-02,-2.862272424021778880e-02,4.551000033048679394e-01,-4.186545533379106010e-02,1.032985290770555425e-01,7.563039459720106994e-02,-1.036657598082006693e-01,3.777403234762047868e-01,-1.707980515965512314e-01,-1.995581782923868397e-01,-1.517720964731040512e-01
-7.642528188453300009e-02,1.163195452396077051e-01,-4.585418814118723541e-01,-8.001255507192278627e-02,3.138369211194541042e-01,-1.127278021490478732e-01,-4.031734601833983356e-01,-3.501852490638810989e-01,1.181959252819327483e-01,3.631637783685334187e-01,9.903025707180685977e-01,-2.432729277897604792e-01,2.824399384096334398e-01,-2.065421824219561830e-01,1.351991518811040682e-01
1.843696283180493167e-01,-4.778575111633967878e-03,2.638230051508357876e-01,-3.230576114342440658e-02,-1.099752377890695909e-01,5.653007045327438362e-01,2.058744491342623106e-01,2.030232037000687106e-01,-1.567651237676317144e-01,4.416752094897272718e-01,-4.349815070119300020e-01,4.697014058488365590e-02,-2.086463325281031900e-01,-2.561249721483218056e-01,-1.730864184560872154e-01
2.710941460339282849e-01,3.421225423788094855e-02,4.201196311801954630e-01,-3.205028259286744619e-01,-1.444344511169046996e-01,4.391866316340698462e-01,2.934993320673996986e-01,2.262756164918767743e-01,-1.148520797137934230e-01,2.479239930772169365e-01,-2.123736086030647841e-01,1.933248788790182526e-01,7.900721133026541998e-02,-1.538178500747453166e-02,-1.377266886646324184e-01
2.517783657773794426e-01,1.773416553581791677e-01,5.630944773968159511e-01,-8.000382094924285425e-02,5.075692485504816887e-01,-3.557543137095519614e-01,3.082227898200178839e-01,1.873080957191304297e-01,-2.878357072266471972e-01,1.201164688955977250e-01,1.061062976383786716e-01,-9.546947970008891338e-02,-2.725635289540664363e-01,3.183280269963973397e-01,2.032613546469904386e-01
2.296739553355667263e-01,5.417583837995876977e-02,-6.236634337133705602e-02,-5.952025237079545256e-02,1.202594669876817374e-01,8.497206955276487284e-02,2.934443217690963501e-01,-3.929755857360493765e-02,-1.442028974375340333e-01,9.966219713100114841e-02,-1.039748781136222711e-01,1.634163543681282083e-01,2.185684490830890614e-01,2.045181645991189512e-01,2.448743717841938838e-01
1.338064353403319862e-01,8.261624773398781874e-02,-2.970491008459981153e-01,1.526222378370594157e-01,-6.137600717337710066e-01,-6.827228274473687297e-02,4.773685613179876053e-01,7.970127837038830376e-02,-2.491390567802160005e-01,4.863629695329250158e-01,2.697819685535233214e-01,4.512820823923883173e-01,4.372551184071884478e-01,-1.376462361860992523e-01,2.296466169348249375e-01
2.399340160900844676e-01,1.515880107180221474e-02,-4.335122331305536481e-01,2.114182144155895282e-01,-5.244982410166603159e-01,-5.373160079832237646e-01,4.553760469247861153e-01,-1.063486382171277972e-01,-1.062798040204538524e-01,3.387366514420899755e-01,8.290590373681883118e-02,-9.010643823452914314e-02,3.955466744722926364e-01,-1.093250816550759563e-01,1.750032880619620604e-02
3.621143635741130851e-02,1.280186609498736583e-01,-3.260086222787317300e-01,1.150564884620765976e-02,-3.192892182727106731e-01,2.617362150509711660e-01,4.324863821210774284e-01,-2.409392080507526401e-01,-1.804103147978373400e-01,7.273924847995336673e-01,4.581080192388616301e-01,2.522781563656938467e-02,-2.696254478815067190e-01,-4.480232155750535350e-02,-1.636321131511201121e-01
-1.384583016426361168e-01,1.556857658068259154e-01,-2.766849824174781869e-01,3.574917117418617285e-01,-1.833155594796619103e-01,-7.030344243164350360e-01,1.525455732836160372e-01,-2.668151946784815265e-01,-1.555231085793659929e-01,6.358936038717639683e-01,-2.388334709071640583e-02,3.937944388014281288e-02,-2.839157048951441720e-01,3.132970802567253132e-01,-1.040102677760467581e-01
1.918213693252805996e-01,-1.450305570713089458e-02,-5.325127080791266371e-02,-2.566926018110773922e-02,-4.495322392347056994e-01,-3.334283498054943506e-01,2.892756554412251324e-01,-1.998791106737444201e-01,2.421657701408342842e-02,5.859067366650185793e-01,-5.877662208648196801e-02,-1.581321366266117689e-01,-1.783645895036612139e-01,-1.476438798327290580e-01,-1.842672303311008661e-02
4.585040988086595826e-02,7.839119161323719609e-02,2.004895848440053363e-01,1.920772377279358067e-01,1.995986661146124941e-01,-2.188554790810151029e-01,6.065050429607581339e-01,4.154695447268522135e-02,-6.710119029915549704e-02,1.046027986143995142e-01,5.459080492052156147e-02,-2.094803843158866419e-01,-3.359748352811326999e-01,-2.753292023879613803e-01,9.560661481407133067e-02
-9.760208086488966761e-02,-3.981197171887664032e-02,3.527044584088043777e-01,1.971130477160092098e-01,3.040697006673283576e-01,-4.973208224439908121e-02,1.833248095028830738e-01,-9.712439490370743111e-02,-8.115482548093279347e-02,6.343080071063102177e-02,-4.372243561112635901e-01,-4.203548925557172300e-01,2.836055259839333209e-02,2.822680833788364652e-01,5.477328462348881599e-01
-8.910303931764441271e-03,4.926718047289967845e-02,2.286804802528459579e-02,1.243393829555885510e-01,-1.123887441077667249e-01,6.340532741605582334e-01,1.268954445178510360e-01,-4.308280495194402593e-01,8.691566616701966452e-02,1.996745853899720979e-01,3.542574010146125052e-01,-1.045298291253974193e-01,3.106855707382869536e-01,6.700278146534911494e-01,8.416531104292590548e-02
2.705311438498085308e-01,1.347706965742390406e-01,-4.370425170359850675e-01,1.132314396809206009e-01,1.760094497914275469e-01,6.538699683560933451e-01,-3.358743053855936522e-01,-1.250653572248514867e-01,-2.344951200467411748e-02,3.702061576098288898e-01,1.978145686235733419e-02,7.120692950569240676e-01,7.743597256761031167e-02,8.795823889385837036e-02,8.751858792480894655e-02
-1.148711476375561397e-01,9.081308940121167461e-02,4.310123643862657367e-02,3.203388381576795507e-01,-4.049357376986933432e-01,6.230955807695310877e-01,6.359597540912667601e-02,7.514158743697167686e-02,-2.260577475719717511e-01,2.570454838965300914e-01,3.329219284266043410e-01,1.803982146459975622e-01,-5.933629766846931775e-02,-4.306379526807141978e-01,3.302680627815210435e-01
6.672887522073046862e-02,-5.857532780744307416e-02,2.733981153358568950e-01,-1.227019329693938288e-01,4.819376190990621311e-01,3.820694607834813072e-01,-2.190135623513918828e-01,2.265034994624635645e-01,-2.219628390846989027e-02,-2.761240322898940724e-01,3.792436566152715405e-01,-1.278942915314821571e-01,2.466406759459345288e-01,1.463227671011421982e-01,-1.038960291196965730e-01
-6.866507242178529480e-02,8.371774926757315216e-02,1.246720962778997549e-01,-2.170959532171405915e-01,5.652064684477857703e-01,2.299269429452922009e-01,-1.403098224310911010e-02,-2.724395376871840413e-01,1.919273890927112799e-02,2.634220594404281801e-01,-2.326194763953346178e-01,-3.319119160305151750e-01,-2.580060896732767062e-01,-6.922025045445590052e-02,-8.478038031042176015e-03
-3.160648671434419799e-02,5.688568263326985314e-02,3.079762962044531038e-01,-7.101185155026262796e-02,-6.056207500435084601e-01,5.214605869134694149e-01,-1.936910336882655959e-01,-3.482451063887351261e-01,1.638951975097206748e-01,8.357039175585843915e-02,-4.615819572376300695e-01,2.409238941580210958e-01,-3.950481137391841369e-01,-2.973741385807674928e-02,2.993687104753138262e-01
1.771629875542841681e-01,3.331630723382228432e-01,3.943795270572595379e-01,-2.010280665294928229e-02,-4.598867936311500371e-01,7.394052969677025744e-02,2.902419369244226000e-02,1.767139410873204697e-01,-3.034531182416704276e-01,-1.044177784228295242e-01,-6.386923489693789868e-01,5.486634349241471531e-01,-9.109964680447368846e-01,-3.424070483460547876e-01,-5.018759108287539072e-02
2.886906881429380234e-01,9.063547250197609428e-02,1.402727038864895748e-01,-1.516224930222073546e-02,-5.136373695935528838e-01,-5.601921404638821045e-01,-6.284297067063451814e-02,4.372145704839444647e-01,-2.434882620142625465e-01,1.227136370884196470e-02,3.574949084615123840e-01,-7.013749733097988937e-02,-2.622135635673096266e-01,3.475305199869845318e-01,1.826375870588571038e-01
-1.393586186184430364e-01,8.697829891639238808e-02,-2.272544470494683722e-01,2.086053089101054525e-01,-9.266274622568386743e-01,1.657456603714990012e-02,5.138948585809536285e-01,2.290848924462581260e-01,7.465777298328229138e-03,5.850826809682755682e-03,1.034264510952924154e-01,2.187989716429490639e-01,-1.652717373048533112e-01,-7.688219451512975922e-02,2.629095020372159142e-01
-1.353441223558819739e-01,1.750529908197385187e-01,-3.045603190218152401e-01,9.814073374221923829e-02,-4.719836270849781523e-01,-5.464007510094127940e-02,9.405971204291725396e-01,4.069028550880630646e-01,-1.132617390054128786e-01,1.330411728098816748e-01,1.768226306128825864e-01,-1.176780528665032771e-01,2.323344464338231441e-01,1.076877437764127698e-01,-1.312705777173235056e-01
6.921221575679695204e-02,1.622224100630043813e-03,-5.816276028834007628e-01,3.247911356258834092e-01,-7.863979542783392507e-01,-3.489116143560088701e-01,8.540933093910829665e-01,4.165020483134244667e-01,3.906380507225663129e-02,1.712255174452901804e-02,5.790372747956602506e-01,7.385418008993145655e-02,1.583493993956483215e-01,1.257036151356827614e-01,2.412081947134132875e-01
-2.043752277809537596e-02,2.116681776166050022e-01,-5.406688981238364500e-01,3.242274301183434848e-01,-6.545401397668584309e-01,-4.165953892701215744e-01,1.746248340712902303e-01,-6.298019856204252476e-02,-1.397328092143548528e-01,-2.684149826271327657e-02,5.020607332726191932e-04,4.035131474478587110e-01,-1.595285929970962913e-01,-2.100853256224837484e-01,-1.205864949245629425e-01
2.701573804152372291e-02,6.609309039817986425e-03,-6.176157561278422525e-01,4.386794369292355555e-01,-1.717529434276761635e-01,-2.501164454375242041e-01,8.687543141859599416e-02,-1.556239359753457396e-01,5.409361410161506872e-02,2.555575184540646028e-01,1.178399759171671127e-02,1.950216100830840238e-01,-4.466248882715754404e-02,8.177473737053619907e-02,-1.481566674639096248e-01
2.093237187662871923e-01,2.503165318955202223e-01,-2.250392962380912965e-01,3.330413923147252375e-01,3.722050567295351331e-01,-1.321491571919474611e-02,7.293674781304473886e-02,2.939431202579564917e-01,-2.480914398478589189e-01,2.572275257163096907e-01,9.509156023459680585e-02,5.434184168654809105e-02,2.557162636663576905e-01,1.742550827349125886e-03,3.516426495132667918e-01
7.195341643233407747e-02,-3.483446995568761223e-02,2.310606758365096602e-01,6.395613209349693129e-02,3.760988842345480143e-01,3.817555810525902760e-01,2.589374839777067172e-01,2.252549393105407471e-01,-2.282293319817755017e-01,2.302034937513867396e-01,-2.988697534160044689e-01,-2.096082984205377142e-01,-1.058007998554769680e-01,-3.712180152971598923e-02,2.956762895831678839e-01
-9.617984630775237159e-03,-2.503965635577808449e-02,1.701019244543005848e-01,1.903730465388503157e-01,7.309785132892254733e-01,7.442304092064393473e-01,4.145393440384371186e-01,-1.183804960260494837e-01,-2.467723637176859330e-01,8.896442147412038370e-02,-1.163328535983093603e-01,-6.609916292672411986e-01,-2.149387889499448923e-03,1.378435925263627425e-02,-2.342583285691308137e-01
6.137003586615193129e-02,1.934140784240085953e-01,-1.460193183905598435e-01,4.391434500205115277e-01,3.331347243713315698e-01,4.514200867183841281e-01,-2.601907769982228502e-01,-5.453606011596684455e-01,-3.016487808208864196e-01,-7.466522084070235932e-02,9.198275558495183635e-02,-3.642459403271829377e-01,3.362259654017580868e-01,3.956485334301544365e-01,2.022743045607407752e-01
1.945041271244693504e-01,1.952645671980297593e-01,1.771422627754931367e-01,1.540279017420159990e-01,2.961157486080185364e-01,3.948058263304529691e-01,-2.686988101751827673e-01,-5.722282229333616743e-02,6.524310349184216096e-02,5.507193560750978101e-01,2.833492598207738022e-01,3.024451142028138362e-01,-1.786456925786159278e-01,4.123852898757653374e-01,-2.524826820033300723e-01
-8.426886896883810374e-02,-2.101609729586735240e-02,4.849367835128171045e-01,-1.689968007818494836e-02,4.566332837261252720e-01,2.564562903823319195e-01,-7.155193704566333857e-01,1.513290443209777125e-01,8.408773807682061452e-02,9.686196326920636090e-02,1.958440812598648273e-01,-6.037914938731886449e-01,2.250971709460682091e-01,4.633189898459703915e-02,-2.229873951095990570e-01
1.672768651167171328e-01,9.984959054988497285e-02,5.304897353017213879e-01,-3.749911722365437128e-01,9.298001798953951791e-02,-1.355642337172844047e-01,-5.773622875482518069e-01,1.014439072939121202e-02,1.267679609612417657e-01,1.968559916735271031e-01,-6.783030604631556937e-02,-5.155930346806726350e-01,2.868208316175394623e-01,-1.898466547147610040e-01,-9.082492056075673614e-02
2.025217728454760113e-01,5.284290278226008025e-02,6.319474427677186368e-01,5.940086151786078822e-02,1.336492837015903767e-01,5.539525512480008018e-01,-6.955649937928956028e-01,-5.621911175536069560e-01,6.912661266264381876e-02,1.521159344860707752e-01,-4.073029028626642956e-01,8.265882361033551062e-02,-1.013777942595651405e-01,6.802511307004424634e-02,1.197351639226618275e-01
1.055418624252462134e-01,-7.708446010431373174e-02,3.648815063914689905e-01,-7.687259363228143849e-02,-3.736948762582985029e-01,3.531652298124494105e-01,7.628647562462397003e-02,-3.503447027397039171e-01,-1.076546085514969303e-01,9.064270825392472392e-03,-3.994810093548438190e-01,6.171503146116208427e-01,-4.379516282138123939e-01,-1.102975524020701620e-01,7.129575824884112345e-01
-1.114032322224077498e-02,8.001319483199408056e-02,7.876789867897090458e-01,1.239353302459853812e-01,-3.675839461002669561e-01,1.118529949690281189e-01,-3.742703392561151643e-02,-1.258222005479894268e-01,-1.635654198442735019e-01,2.254450180721319918e-01,-3.178944041834126932e-01,6.648200755735752532e-01,-6.865434056603967328e-01,4.170506959589232454e-01,1.922791415953948591e-01
1.281359232900275771e-02,1.037956996795049575e-01,-1.527907586992055811e-01,1.827696411983550651e-01,-5.668559720251762357e-01,1.318717267899196521e-01,1.720759896312368531e-01,5.643946350579960580e-02,-5.374674500738673560e-02,1.070619057386682366e-01,1.368755924592341688e-01,4.863335830913562696e-01,-2.498045572711952295e-02,1.732301802258730261e-01,3.636470835629909693e-02
-1.005482263550064870e-01,1.704518135569763615e-01,-3.441770480529174892e-01,7.294484189128284946e-02,-1.074171183934334861e+00,-2.005503046668019249e-02,3.110001762737071296e-01,5.414638487011647072e-01,8.288620211339629840e-02,-2.850022231810281914e-01,4.652891656222941930e-02,5.803752390694048024e-01,3.455689514907345911e-02,-9.075680658581428140e-02,1.432433561717210424e-01
1.091503936000453451e-01,-1.219903679601804930e-01,-2.668225118824568698e-01,-5.939130645508653404e-03,-9.935527911419939073e-01,-2.041174350811297833e-01,3.842558103917603218e-01,7.238239206141179327e-01,3.318455465134487886e-02,-1.981782837887906823e-01,1.330997419198235443e-01,3.406515856762925010e-01,-8.936792385053171639e-02,-1.787445210803315365e-01,1.070223339259138012e-01
-1.050931563235882674e-02,-4.396268321660785905e-02,-4.770348328893203038e-01,4.072738906569275258e-02,-2.198679044676840888e-01,-3.590837962051949828e-01,5.146283275899218301e-01,1.235200404455477213e-01,-3.281578963291733458e-02,-1.062499205698776289e-01,3.029809797442281627e-01,3.713517439104688789e-01,-1.460540038713707134e-01,-2.731906996910938856e-01,-4.643795292692921017e-01
1.320258042183068969e-01,-4.219226662104241798e-02,-6.778813719868687082e-01,1.808449128854289489e-01,-4.421045753195260164e-01,-2.965411854562097216e-01,8.087050635470055537e-02,-4.182543041273317774e-02,-1.822766311671018824e-01,-8.082777094500744053e-02,1.473265358391515345e-01,-2.216555533688736312e-01,-6.479775004397107796e-02,-9.398472036971090848e-03,-9.307357066014197711e-02
1.171677625284932717e-01,1.935792414766318581e-01,-1.548748606791364446e-01,9.099962324845040085e-02,-4.511747683085138294e-01,-4.379321205154005150e-03,-2.001744398594903496e-01,1.245225148998766462e-01,1.756384311483072738e-02,-5.015387427585953350e-01,-7.620589418922721348e-02,2.465289659232465513e-01,-4.093236117713004996e-01,6.220303428620128916e-02,3.561016084312591812e-02
4.708419833970222887e-03,8.397212583305989700e-03,8.275947503800767935e-02,1.460063690873522335e-01,-2.914671682168279987e-01,5.988446040208896676e-03,4.803360790458134286e-03,4.623366764089064662e-01,-7.586969710382873884e-03,-1.233023890060225419e-01,5.123686507006115776e-02,-2.446770600851159994e-01,-1.671403585993423146e-01,-2.858716702739187987e-01,1.763324406632914287e-01
9.463737910999892033e-02,1.751256204460069354e-01,9.397637536597221175e-02,3.348818515381769001e-01,-1.390247813440241564e-01,4.083130792611681659e-01,4.946943150755417906e-01,4.393224271692942051e-01,-2.383504139868178051e-01,-1.965157417417357291e-02,1.304612403187302705e-01,7.104210625252710409e-02,-2.742506769329602356e-01,-7.076786649178752608e-02,2.203489239335051642e-01
1.959176651958233206e-01,5.082129186433799461e-02,-5.414233447471797911e-01,1.229350470790128852e-01,6.835850177228421920e-01,7.942992082422075661e-01,4.266010001090426162e-01,2.014756345588712971e-01,-1.162868824815160435e-01,-2.249660357521135745e-01,-2.486840291734868091e-01,-5.686039666420549255e-01,-2.697881387783240825e-01,-4.252229374349448809e-01,2.621690360806872566e-01
-4.625891720091963866e-02,3.308590453642289240e-03,-2.623669294926802009e-01,3.314922862095958656e-01,5.998320532354313173e-01,8.359812233560512951e-01,5.538874087367313681e-01,-3.119849091362779103e-01,-1.940923074687126160e-01,1.447816120164690246e-01,8.355574913242500013e-02,-8.032282011816345435e-02,5.624706471882603455e-03,-7.178212675564205059e-02,6.483852310466715896e-02
4.293700261607596991e-02,1.571780767189404071e-01,7.603533962945264735e-01,-4.010837811887407039e-02,3.197384727238629654e-01,3.311209448017358725e-01,-8.470611176985040625e-02,-5.756503902773834058e-01,2.394531479220729595e-03,3.047565825414805252e-01,-1.101728354807612609e-01,-2.073912677216728159e-02,8.620891305065769838e-02,1.711404291934099098e-01,6.961669437553988926e-01
1.308676814553070278e-01,-6.242968550304998226e-02,9.102349753498754081e-01,1.095826894852134671e-02,3.554786961332979112e-01,6.325950815733727417e-01,-7.618374470678798693e-03,2.034719918071699052e-01,-1.622756599589735560e-01,-8.932125001627057304e-02,7.955101457443275459e-01,-1.156802243449206180e-01,-1.399701913938029840e-01,-5.214924212912853685e-01,5.523834028654045492e-01
7.115345481813932504e-02,-7.904044630302411653e-03,5.888810165202132962e-01,1.538195528610815932e-01,2.845069795291428269e-02,5.304203052545726216e-01,-1.938051654781481614e-01,4.219143241464491656e-02,-1.977584851636555452e-01,-1.213392484111394942e-01,1.351950923036121799e-01,-3.029980295472851637e-01,-7.981033732628420307e-02,-9.573137222685126901e-02,4.439814148091803525e-01
-7.083337407000692143e-02,8.985162428488817354e-02,6.608077725563558102e-01,2.659517501237900206e-01,3.515809320587686693e-01,5.848452383035589452e-01,-5.588372844637667924e-01,-6.743885844022949883e-01,4.150745164730814535e-02,9.458305281812365295e-03,-5.800716689560186934e-01,1.451200920178693198e-02,-3.471059954408726167e-01,-2.768669787901813228e-02,6.614369154743370283e-01
1.618851940131875167e-01,-2.466074351972063691e-02,8.662079966976944378e-01,-6.999104497455266305e-02,-6.927871961263704081e-02,6.826151331564402902e-01,-9.089799788836555594e-02,1.545152718102716927e-01,-4.195289002300831016e-02,-8.550191575257280741e-02,3.116667730102777312e-01,8.072477359670746644e-01,-7.961012033316567926e-01,4.604204328585639883e-01,5.378997639383341633e-01
3.009176737615206973e-02,7.808267897586081141e-02,8.264499567255300105e-01,1.346923756639526425e-02,-8.032024926388292574e-01,2.861105411660596620e-01,1.842609597607101912e-01,4.860581079871564847e-01,-8.714996543484000713e-02,-3.015357578130652971e-01,-7.025454304179175047e-01,2.156845665308821103e-01,-9.953087556315277640e-01,-6.061877715036533693e-02,3.216292773190687071e-01
2.263136523620710161e-01,-8.933101207509282216e-02,6.573401377636230170e-02,2.375252550020196252e-01,-9.027479020259707720e-01,8.437376816852959482e-02,-5.072314942376289493e-02,4.619494563754349137e-02,-2.310945055483594468e-01,9.922056945061456801e-02,1.965546390103652674e-01,4.870831018604265816e-01,-1.551221112525329009e-02,1.617888910064290420e-01,9.222750595851929301e-02
2.402111814522510033e-02,2.117901044222397222e-01,-2.909621710907195347e-01,7.710407979396008415e-02,-1.445322470954888638e+00,4.038341875414777626e-02,2.757975694237953523e-01,-8.038442473659900001e-02,-7.819495614057787869e-02,1.767473618718653217e-01,2.041088183468024175e-01,3.911167098263744757e-01,2.592611102697190417e-01,-5.582388986721929791e-02,2.241668329533703374e-01
-8.055747167809471088e-02,-3.750096348331775908e-02,-6.707107179486572479e-02,-1.249397842459067792e-01,-9.766366203304448490e-01,2.805422854432709223e-01,4.015395616956254354e-01,7.367094822636133244e-01,-1.996932233025801307e-01,-9.004394545683892803e-02,1.804276641873498177e-01,2.097661002572924482e-01,3.361087143461221650e-03,-4.457340362401453482e-01,5.129843086346840275e-01
-3.636835336782706651e-02,1.334375809625237656e-02,-6.425229083879130387e-01,-1.622992543209396399e-01,-4.961401002091340717e-01,2.442321093646614497e-02,3.086155342444752980e-01,4.670754007452647127e-01,-4.347077809227206657e-02,-4.002345311978631193e-01,1.789382155879054304e-01,-3.343553222092040533e-01,3.560034478826055171e-01,-6.457871670721516688e-01,-3.249268924313322704e-01
1.382807945519438642e-01,-5.300813652168590018e-02,-2.841848567409746007e-01,1.285175538605435597e-01,-7.709815254028378195e-01,-1.699864854288124505e-01,4.256666082719381961e-01,-1.633202058560262460e-02,-1.473389141254751455e-01,-2.197775436442611918e-01,4.505485850129336556e-01,-1.172673437945687645e-02,5.389535946341655892e-01,8.697442903646199208e-02,-7.801510137552149227e-02
1.084715200435670684e-01,1.525740807170305469e-01,-6.796581103451570550e-03,1.297166454212463071e-01,-8.473925651719353969e-01,3.103517443644083218e-01,3.426244969718500455e-01,5.021416804689816660e-01,-9.569037266175249579e-02,-1.074802160471702989e-01,6.493957410393556007e-01,-1.112591320529334321e-01,2.660536051021921145e-01,-5.128377867676342516e-01,3.716485709344302668e-02
5.141069773440086477e-02,1.216049168679170372e-01,8.558928642794004782e-01,-8.897956158178044195e-02,-1.393283173436387634e-01,7.431493965777953292e-01,1.053643514353847233e-01,2.734760346478457005e-01,1.514710269645064798e-03,-3.746103432754688267e-01,-4.664276324977987831e-01,5.142938317864533676e-02,-5.199152319969705532e-03,-6.520150671052090674e-01,7.460124194188021141e-02
1.439129376905150526e-01,-1.788792007563366204e-01,-1.056662902636559959e-01,5.538957663315393493e-02,-1.687200773440687696e-01,1.196041146994857030e-01,1.457323048783669694e-01,4.931779513389635272e-01,-6.730142880397935699e-03,-1.332279956416727862e-01,2.682228042287305159e-01,4.071465387747293940e-01,-2.551538872972159977e-01,-3.296400224149960700e-01,-6.280081453664898561e-02
-7.581339925426730519e-02,-7.688055693696044246e-02,3.650018750637878950e-01,3.288508394224529119e-01,3.758454458044546143e-01,5.598844267484217596e-01,8.173780915763158017e-01,3.178581616643547103e-01,7.632926935341029229e-02,-3.658158351913305406e-01,1.015007572398391733e-01,-2.871731291341775849e-01,-1.060777396972557851e-01,4.257042312197257261e-01,6.034483706792821700e-02
7.149327087028711780e-02,1.389416819531226199e-01,4.879083715406640764e-01,7.295126676948911204e-02,4.909746447138973457e-01,2.941947127453067856e-01,7.906513534107273422e-01,2.588037607567336695e-01,1.621729421698580031e-01,1.085406740734717462e-01,9.109169831814385443e-01,-4.001062661212231308e-01,1.160339908946646584e-02,-4.520025652641501690e-02,1.326687883566779191e-01
1.079672883163763364e-01,-8.900105125680983498e-02,6.757377031129468969e-01,-7.207692678912910877e-02,7.553036183931114422e-01,5.450097021082283000e-01,1.221401471490538571e-01,1.996669975893574089e-01,1.143670340583777117e-01,1.592269812373175164e-01,1.602293764918105989e-01,-6.112098369245106966e-01,1.044711277916395287e-01,-5.167797855701412590e-01,3.775184055577503472e-01
-9.576811331356159529e-02,-1.978560706031678440e-01,2.852953351556966055e-01,-1.507207117506161043e-01,1.354330599367968291e-01,2.233746830250366300e-01,-3.704284168823065992e-02,-7.930568444847654191e-03,1.331338838387669254e-01,-4.178693469105432268e-01,5.654302611729314920e-01,-7.642671899369103683e-02,1.344308717024187139e-01,5.291008803229118040e-01,4.906388915502411796e-02
2.704979279690807314e-01,1.107534714340135257e-01,6.038902187745719408e-01,1.128267328094348931e-01,2.299100238669473661e-01,8.339749075531994738e-01,4.798152489537415577e-01,3.972953479216201900e-01,-1.453464786818317311e-01,-1.039501633365396555e-01,6.079608240621758863e-01,2.572759262630106569e-01,-3.097100345205240357e-01,-3.291101892944733320e-01,1.659223482038339748e-01
1.945236579642524721e-01,-8.388772128386128013e-02,3.237091428580053387e-01,1.324931155308649577e-01,-4.732824505791919933e-01,3.725013615477976159e-01,6.627400716573422779e-02,-7.955348972027016796e-02,-2.214707877320063190e-01,-2.287459343493616556e-02,-3.612151217415272009e-01,5.510885938768553954e-02,-2.043513961180404015e-01,4.220532356034829569e-01,5.165321866749675861e-01
-7.731191500719877818e-02,5.559601790831218693e-02,7.854850705862935767e-01,9.062416835701397888e-02,-1.278818209082126733e+00,8.131096656009717538e-01,-5.557813696886043653e-02,-6.052084559367208738e-02,-1.871166948689541865e-01,-2.460673350520492242e-01,-1.075566819500060611e-01,4.385490852145872420e-01,-5.506380181558073739e-01,2.425967430887617515e-01,6.066234963675386505e-01
1.302261034143517571e-01,-3.461713715596467789e-02,2.434939658813182473e-01,5.763507898913140109e-02,-4.683771378678793229e-01,7.112874132189603293e-02,-3.357580662837491015e-01,2.950431899998259833e-01,-9.658577806911707031e-02,9.565607321883714403e-03,-2.331762574277093381e-01,-4.982909145310610716e-02,-4.484452174206600139e-01,5.805969377073659787e-01,-1.018018075762850555e-01
1.547583180796694435e-01,2.090840827930994794e-01,-2.662741497042986349e-01,1.849355818479041930e-02,-8.118597637987667870e-01,-2.322589162979432978e-02,-1.317918014827060558e-01,1.648186641822933507e-01,-2.275579936052332941e-01,1.120921048965241168e-01,-2.057318832892830046e-02,1.489241326412877597e-01,6.033171019147030162e-02,2.957951308595660467e-01,-9.075474594532377537e-02
2.890892354145344414e-02,1.076661670847297962e-02,-3.760855785768439652e-02,1.559134210651795527e-01,-9.594978692772644369e-01,-2.433177122460052355e-01,-5.736370772121275330e-01,8.729741815005669092e-02,3.727141610337086648e-03,2.374484161885708974e-02,-4.462594121465656705e-01,1.425499391196870247e-01,3.413842946571682413e-01,7.539783544587808084e-02,2.587730928241463793e-02
-5.571669595548522924e-02,1.230430243631026738e-01,-2.527228522697747559e-01,2.248077463013603283e-01,-6.068848586230073394e-01,1.043957609927664287e-01,2.148724731066134763e-01,5.466955872351064727e-02,-1.455300857213606414e-01,-1.172733610073926486e-01,1.119806913155667327e-01,1.590510908941662749e-01,1.575935964461863958e-01,-2.864096256598861467e-01,3.090030740457862524e-01
2.281218084081350073e-01,4.931669721421429176e-02,-4.387858427148921825e-02,1.762678115457451955e-01,-1.083390252233115691e-01,5.175557495917089412e-02,-1.843631021327032105e-01,-7.105558841885899202e-02,4.071338278458978138e-02,-2.124472547504810682e-01,7.847388235118232802e-02,-1.239099406199619252e-01,4.917783799103699338e-01,-6.334676197746257342e-01,-1.849943773304219830e-01
-4.177529380376135415e-02,6.134184760022190486e-02,-1.646690476685802873e-01,-1.721083192236135262e-01,3.952760949697284310e-01,2.193849295569634816e-01,4.293321900216387488e-01,1.291823812593149157e-01,-1.237931039668262873e-01,-1.213975039141656082e-01,-1.399109141427132318e-03,-1.708874546968464359e-01,-1.921741409417884461e-01,-9.894815409485110402e-01,-2.138195381372046400e-01
6.982722569727412010e-02,1.597978556399224925e-01,7.293561739369706087e-01,-3.122431818424927230e-01,-1.197743021117755768e+00,1.946281304110717147e-01,4.673930528528255635e-01,4.697857266204202298e-01,1.374026553784621629e-01,-1.570580351080688442e-01,-1.888335554096166879e-01,4.423109021257413120e-01,-1.451183656013315948e-01,-6.682627189699653636e-01,-1.938792260397160516e-01
7.739964737070978429e-02,-3.966452577820074599e-02,5.170137041252721444e-01,2.115996616197110824e-01,-5.350481373113880057e-01,3.776812822839079042e-01,7.140980128517289138e-01,7.437108981821703713e-02,3.946350125317257124e-02,-2.627771089838794594e-01,1.091291213686957640e-01,2.273396775854439056e-01,5.431980317799403428e-03,-6.995194758636326116e-01,-8.747174162483521698e-02
-7.321096609903413044e-02,-2.516313505800548203e-02,4.159418640223221386e-01,-7.310149315208004824e-03,-7.775915095266602850e-02,1.136093614935528018e-01,6.231517610522070427e-01,-7.836000455235060669e-02,-1.065852999458530431e-01,-3.991397789198364299e-01,2.035826555193732401e-01,1.835620962574307236e-01,-6.517436699281375923e-01,-2.545969411983168285e-01,3.169605471768352500e-01
-6.241403840857105700e-02,-6.493865100079274089e-02,6.293452873166976991e-01,6.743058662081991006e-02,4.431666845687167178e-01,8.006895369270989882e-01,6.475508834700445249e-01,6.420298196413803948e-01,-5.580149131487922159e-02,-4.626336488867337504e-01,4.785579549973845714e-01,-8.859056705003916232e-02,-5.217478217069287938e-01,-3.833420277409855248e-01,2.927304057489524269e-01
1.579540056426347594e-01,2.047790597134177201e-02,6.781654139816696292e-01,-9.060051385210465824e-02,6.766055067381795407e-01,-2.185879170013198813e-01,1.540169461787365413e-01,4.031231634286228105e-01,-2.375027884243424356e-02,-2.142313780590553718e-01,2.520211526155110571e-01,-3.122283400132116471e-01,-6.220702567131446425e-01,-3.582241688191811768e-01,8.525624540268332552e-02
2.035183368427277359e-02,1.706015008319424209e-01,2.991015004506895059e-01,-2.985783740570605582e-01,6.870506635761761682e-01,1.478176338107051457e-01,-1.781438554840716615e-01,2.871895463387953984e-01,9.951668594339548035e-02,1.645433390004254759e-01,-3.692616748823484563e-01,-4.994617902107366669e-01,1.618528607838326805e-01,-2.135101728493596085e-01,2.073746459521321264e-02
-1.578539161310545391e-01,6.730572435376332152e-02,6.765656345545040251e-01,-2.659199759695733412e-01,-3.432864552702979410e-01,-2.422416419131571182e-03,2.232412612270492092e-01,5.070221288491741918e-01,-1.174936677132746993e-01,-2.306855497375711328e-01,-7.613967630750576032e-02,1.864458970114530809e-02,1.581426011003100041e-01,-2.761440453006908657e-01,3.620314155569149261e-01
2.009155850976633295e-01,1.826322229235109451e-01,5.904171718303962146e-01,-2.249283081089343272e-01,9.411364383122045041e-02,3.960787558310018830e-01,4.762691800901462380e-01,6.258262152105612541e-01,-3.157076515884937179e-02,-4.145297368488478629e-01,-5.495101695142238368e-02,-2.065815315138238295e-01,3.798095012849836971e-01,7.836188936722537912e-02,1.540381141876017990e-01
6.258191002856765793e-03,-1.018902939095456400e-01,3.281219048604484545e-01,1.955028275332530707e-01,-6.902707337544573551e-01,2.029022318905198130e-01,8.727560517084931302e-01,-2.709074193074190728e-01,-6.997786463295165016e-02,-1.649772164810344999e-01,-2.559798897604646517e-01,1.320962542797840811e-01,-2.177402213757864968e-01,-4.078438717150162929e-01,6.143482638911251792e-01
9.189442575457829054e-02,1.238972896520959405e-01,4.526433225556668605e-01,1.051860498547193545e-01,-7.857858512554469765e-01,2.040247119378331142e-01,9.965886323740097419e-02,-7.665576148294291070e-02,-1.965720500961764261e-01,-6.146813371775011053e-02,1.010188456493252007e-01,1.733732994201685196e-01,-5.909705705909916729e-01,5.079311598544531403e-01,3.550603368194909515e-01
3.081371152683646808e-01,2.434874205583431594e-01,3.749460985539705415e-01,-1.996114745834393356e-01,2.584437667799164839e-01,4.371280761102304679e-01,-5.796740211760118555e-01,7.697443827772733338e-02,-2.386044508184269330e-01,5.520793569313558330e-02,-4.859792831862075890e-01,2.317648688160503165e-02,-5.124931798616704226e-01,4.909240953378420369e-01,-5.386707128318707349e-02
1.287791340196754730e-01,2.527834796782555404e-01,-5.921816953067772227e-01,2.413548229236433806e-01,-4.324939792484612799e-01,-2.557382065774685409e-01,-7.697800289491070203e-01,-1.562464121239406922e-01,-2.701441815805079028e-01,-2.083871127648359300e-01,-4.103619714113732608e-01,-3.033117346333649156e-01,5.114405122088994116e-01,9.606221286691352113e-02,-7.924929237097787516e-01
-4.161080952038218039e-02,1.633099416870871790e-01,-3.167138303677866640e-01,2.543443284938839422e-01,-4.648370282241299223e-01,-4.409737770107333144e-01,-7.284651076073649367e-01,-6.356879089229434954e-02,3.976034689515361292e-02,-4.552943307744432566e-01,-3.932812486322056489e-01,-2.245787726360765901e-01,5.231275896500456879e-01,3.702916249955276462e-02,-3.768147671120112840e-01
1.360571063937447978e-01,-1.337924372886049318e-01,-2.228975818274976095e-01,2.820832301832434941e-01,3.105455695956615414e-01,-1.817082259678820880e-02,-2.519821107900898083e-01,-2.353831042897207640e-02,-2.215979001816531790e-01,-2.765666813701409543e-01,4.645548234753152372e-01,-1.667954027458151967e-01,7.027691414323116170e-01,-2.728860158730013197e-01,2.226596036868088921e-02
6.801013238600070454e-02,-4.151352370010422121e-02,8.333564293249223764e-02,-1.741983978878807945e-02,-7.853445959045451952e-02,2.968191538946012842e-01,-2.205010729068387632e-01,-2.920313377305975844e-01,5.018599501724974044e-02,-2.272141785436052885e-01,-3.000493349168169566e-01,-1.471533466980607663e-01,3.402374686064562059e-01,-2.715304854695627657e-01,-6.053108913756563014e-01
1.219732724217080094e-01,-9.314674820774053454e-02,4.514425922932931989e-01,-1.728989735578264908e-01,3.472626909459465838e-01,9.544913112070768646e-02,1.202526882740951632e-02,-5.352431265278195793e-02,2.433075496725341583e-02,-2.787620253777433124e-02,-2.732285540852260053e-01,2.867361531242514916e-01,2.392277451679963585e-01,-4.327249060986712026e-01,-6.281916463548719021e-01
-1.459580515687660673e-01,2.267850000388478282e-01,2.528480596310057615e-01,-1.979924358328590539e-01,2.413887278283903537e-01,3.923285040738750395e-01,4.562151661770179056e-01,4.667049566600351418e-01,-1.276884114081532906e-01,-4.065735418864198092e-01,1.515728484064091941e-01,2.757909114477082868e-01,1.052618283496583040e-01,-1.426478441139612252e-01,-6.341537245064811090e-01
-1.678629033231830991e-01,1.069228572597866050e-01,2.179506169581129360e-01,-1.914443610818999941e-01,-5.414395306960675391e-01,5.515284399498616708e-01,4.832457443405208108e-01,3.014080005045569055e-01,-1.101547642790582510e-01,-1.948652723053987679e-01,2.395948584117868485e-02,2.604327020384845648e-01,-5.153580305219915975e-02,-3.184828448932194855e-01,-7.211769697565097170e-02
2.634670229788047338e-02,5.605183191056031106e-02,-1.652695370751960102e-01,-9.876457241204388438e-04,4.057703901560570370e-01,-2.847992793274223833e-01,6.653765510955302886e-01,2.197959001431206150e-01,1.478431899398250648e-01,1.029695255308463869e-01,-2.818232252386720371e-01,-1.128965920314021626e-01,-4.304594523255487332e-02,-3.492334282211635998e-01,-1.700703953651129530e-02
3.440847886207498013e-02,-5.431498412338416071e-02,4.004989687284632449e-01,-4.781531343334550349e-02,1.000564775008489227e-01,4.951647149859633168e-01,-2.725954339327946868e-02,3.756750320387245989e-01,-1.134242565141348885e-01,-4.012982947120582455e-01,-2.220844831686183130e-01,-3.030779062044294259e-01,-4.815339069470111338e-02,-6.425053914032544666e-01,-1.801776760974226621e-01
-5.506550372975003993e-02,2.086252837248297465e-01,-2.009223479401652662e-02,-3.978208100927684288e-01,-1.936438060627410362e-01,3.369316366758742798e-02,1.343156792863715032e-01,1.956055219888416241e-01,-1.235568965059700812e-03,2.533137838919079510e-01,2.992196899317223213e-01,-7.640577420416838628e-01,-4.908121521407049492e-01,-2.276295920787299865e-01,3.320553907503390884e-02
-1.887664080448501862e-03,2.934724018841604054e-01,1.700861888373683406e-01,-3.800956299165502567e-02,-5.560293936373277290e-01,6.086775350165897491e-02,4.151073787868401754e-01,6.380539706480108375e-01,-1.451542110324737789e-01,2.313665318661000947e-01,3.670162432311731560e-01,-4.161564365333703108e-01,6.223666974555550624e-01,-5.721763718550875177e-01,8.671724727551545497e-02
2.156859680840288521e-02,1.729525190153923808e-01,-3.602848920109817665e-02,-8.736090174146132759e-02,-2.745455705441173788e-01,1.070947032216484629e-01,-2.273644900391364604e-02,5.617518161087131645e-01,-1.022462737498083668e-01,-2.343628235800508663e-01,2.678027590724548768e-01,-5.865093132613272697e-01,5.337287663214488331e-01,-6.309485833174500735e-01,7.935488043681281078e-02
-1.213539128168905773e-01,6.869361730304851532e-02,3.555343594008815167e-01,-1.843154332671837758e-01,-2.223559876611257494e-03,-4.411569411796920082e-02,1.236760999735873889e-01,2.962896085160505177e-01,-1.081782303619350932e-01,-2.236684256628686251e-01,-4.759888984503766150e-03,2.098353372692320085e-01,4.376756322520246600e-01,-2.000419349138373923e-02,-6.904292728881674668e-01
7.088327341195653497e-02,9.705712699191991477e-02,9.787056027510578071e-02,5.629413377121640985e-03,-7.709236113501762855e-01,-3.044141293000484638e-01,1.933800347699927424e-01,-3.148755009636858282e-01,1.072490727750031042e-01,2.015877069115415074e-02,2.697366109499296227e-01,-2.181788824592590104e-01,-9.827624716959108483e-03,1.039391817639676585e-01,1.816380490304511375e-01
-6.428820766599710468e-02,1.635818246589300640e-01,3.584335034127775765e-01,-4.795476885322440957e-02,-4.933512626208532564e-02,2.614239010876246438e-01,6.607341099871308354e-02,8.515306161816017794e-02,4.610397766907206596e-02,2.732213522104521286e-01,1.593126220731452269e-01,-1.599623357768827636e-01,-2.780963547551150716e-01,9.003749839299440838e-02,9.269664662164371627e-02
2.093500350398146415e-01,2.354501216127914409e-01,-3.244782728540501759e-01,-8.504599826928635475e-02,-3.768298516497638473e-01,3.820924183295316134e-01,7.379692154804387560e-02,-3.871942745310479883e-01,-1.157270387955734309e-01,1.864740665981390599e-01,3.255315467998303736e-01,-7.057402547632268819e-01,-4.125972729759164181e-01,3.698915388379961366e-02,1.176888344266727032e-01
2.783813098124331975e-01,2.084399484037938732e-01,-3.163681307365451278e-01,-2.254373124951808138e-01,-1.689685764086731323e-01,-8.804143497225427883e-03,-6.712754790181290065e-01,1.326705619628085753e-01,-9.597978097680558152e-02,-2.330024441328068796e-01,-3.747513265066220733e-01,-1.076297289156141895e-01,2.897152658845372208e-01,2.945064417003180890e-01,-9.644517375158040418e-01
6.521606395747675533e-02,-1.671648933304145657e-01,-8.480489314324529682e-01,6.949449744066459045e-02,-1.495437779207923756e-01,-3.456983124404119923e-01,-5.736970202384315820e-02,-1.860344224181837980e-01,6.576451917517138479e-02,1.245898266373110380e-01,-8.160662027291576415e-01,-6.710049992819522302e-01,1.996127938166515070e-01,3.200323237619197986e-02,-9.264801872537455074e-02
1.381263235162031866e-01,4.939624083345843519e-02,-7.828760543597672317e-02,-7.349416886725326781e-02,3.259107116239495228e-01,-1.189693992284662494e-01,2.810832409603961635e-01,1.832150447731153431e-01,-1.769002599106877793e-01,1.762068517298748423e-03,-5.472196962520762265e-01,-4.161983693973769771e-01,3.667257009996095496e-01,-6.247713555808817043e-01,2.645872199177222162e-01
-1.457479365019639095e-01,1.379565660338240851e-01,3.577227331932948395e-01,-3.474642586351937151e-02,-1.318560761542261414e-02,1.079244875160407513e-01,-1.650134658731347292e-01,1.301943138347596007e-01,-5.272155395069818423e-02,1.129931501672957334e-01,-7.374665008322507376e-01,-2.775917933686901096e-01,-1.590509993943380052e-01,2.416262582547094862e-01,2.916867939530174980e-01
2.723789755818506117e-02,8.572977005480807156e-02,1.220208318334058267e-01,-1.554893629702182867e-01,2.097324182268893999e-01,-5.983228355444963897e-02,3.354860858387203604e-01,1.641864548970890514e-01,-2.096483823197030916e-01,-2.373416730261667940e-01,-5.861945733283221438e-01,1.050204670636227661e-01,-2.340570061012994807e-01,-1.023271163391262784e-01,-8.667373089072193115e-02
1.020631687815739125e-01,-6.026585046974153315e-02,3.354728877543853294e-01,9.539240009360667669e-03,-1.239244758586810491e-01,-1.264818239446061643e-01,6.487681115855563618e-01,4.839737988597278551e-01,1.043066694312606429e-01,-9.874561810478357793e-02,9.915024051826731855e-02,-1.586921357715972702e-01,2.192830996234421403e-01,-1.874392907261459296e-01,-2.059810282294694816e-01
1.482071640112666566e-01,-2.533132412376295009e-02,4.154968048207204889e-01,-3.838795945008680738e-02,1.114851091013894513e-01,5.832483238056889174e-01,4.242443786314850640e-01,5.839499107114902721e-01,1.083816024450455669e-02,-7.442021277762485287e-02,2.918151925910075772e-01,1.801415771201350380e-01,4.009823976252363531e-01,-5.614896444342102333e-01,-3.008970162194415932e-01
-1.963870531612655346e-01,8.336230897083421465e-03,4.605293307702820194e-01,-4.125007593816246848e-02,2.244137649407873247e-01,1.049024183687169154e-01,3.347691868078307986e-01,4.828959868490416141e-01,-1.572602682777584637e-01,1.895454169846178261e-01,1.373817689266299338e-02,1.372972667343060060e-01,2.154322368351828942e-01,-1.386872366023053360e-01,8.257924741450821393e-02
7.006020528280149096e-02,-2.605609389223403558e-02,7.302254723169078199e-01,-1.507247143061147543e-01,8.173020688645599163e-02,5.235669722244244984e-01,-1.767222062374862457e-01,7.415901077586231072e-01,-1.989913195104142940e-01,3.990520087910287561e-01,2.159340735622397867e-01,1.000328679737523679e-01,-3.957003272910118996e-01,-1.488187682253327704e-01,-1.054941455038650583e-01
6.909689925034862013e-02,2.174210415369561833e-01,2.657008410493349460e-01,1.460094890684004955e-03,-6.805876506856679831e-02,4.579139558901448859e-01,2.944282818231195864e-01,2.962160878252891316e-01,7.387540890693893025e-02,2.404550623570975709e-01,1.351553458048261880e-01,-3.900074564837883173e-01,1.024588022111974361e-01,-1.020658977314203852e+00,1.391949278351782004e-01
2.075885393740996010e-01,1.430958091577680669e-01,1.753098241423595438e-01,2.613690269191238924e-01,-1.738497619256466342e-01,-3.314362917096611016e-01,3.934964003859036663e-01,3.002128646785670596e-01,-1.433093116333286066e-01,2.607409845865926168e-01,-3.663067713497275557e-02,-4.164945057920098614e-01,2.208237578120972322e-01,-1.395724117236132045e-01,-5.604277846501156679e-01
2.155900292323755796e-01,-4.774847729489059556e-02,-4.114610112539778264e-01,7.091235948142284029e-02,2.010014068832021716e-01,-1.505828019166928766e-01,1.027895144278769268e-01,1.791335398257037914e-01,3.858291997162488236e-03,1.375955165296257887e-01,9.378303244053698418e-02,-9.253092597007633868e-01,8.687579277667745181e-01,-6.444723954525343190e-01,-5.727523812944420589e-01
9.838421500281030463e-02,9.691732882923169423e-02,1.403990626612038051e-01,2.596967510577298799e-01,3.976889993570076887e-01,5.219875911210200559e-02,4.036935387933278385e-02,2.258707614124779717e-01,-4.416973086610661431e-02,2.123994599248819892e-01,1.743414735537114069e-01,1.228743127491401105e-01,4.897670950446637028e-01,-3.233262746053917058e-01,-1.661267928105616132e-01
3.548452411944135604e-02,1.091530876362343944e-01,-1.056305569307570247e+00,-1.096413512216234121e-01,2.084456832950933591e-01,-2.953057547283633247e-02,-1.973769311332629617e-01,-7.597259050852087636e-01,-2.431141018997664827e-01,4.940191021576294944e-02,-1.494641798011522582e-01,-1.602688262002638087e-01,2.221442391935243010e-01,-3.228936128881518264e-01,-4.392374550729315208e-02
2.084278071746046290e-01,-9.343756588896069692e-02,-6.867870278133400008e-01,2.415644330079060875e-01,-2.077070955079363679e-01,-7.286610545064192701e-02,-3.533955013477976109e-02,-3.713936837051659556e-01,-8.648329588908137272e-03,3.136953127093956573e-01,4.770821439804895370e-01,-1.389928808340212991e-02,2.492176488553921321e-01,-3.299109818257373594e-01,-1.326677892074618892e-01
1.814175205711459626e-01,9.100741839236287101e-02,-9.132884615058817213e-01,2.452284235543187030e-01,2.395373557362101211e-02,1.499460124497657976e-01,2.917511198843605880e-02,9.982765987308293495e-03,6.535095565085595470e-02,6.611932321664000523e-02,1.636988610808806921e-01,-2.477476868554312761e-01,1.295243324503823068e-01,-1.252290150038297967e-01,5.380878565239004263e-02
1.863039465614214629e-01,1.850852234648797667e-01,-1.362749367239192433e-01,2.043347211434423938e-01,-6.745427485642550847e-02,-3.205143521386729089e-01,-3.508998110800761183e-01,3.230698557492395762e-01,-1.963415704859793609e-01,2.055714128928310125e-01,-9.201970506988075282e-01,2.356630406004706357e-01,5.021643274242517663e-01,-8.459004507897521785e-02,3.944837912420073867e-02
-4.409829792615324595e-02,1.795156926365235051e-01,-4.454543267185526734e-01,1.844240658905807739e-01,-2.295545380247494271e-01,-6.667543254634977767e-01,-2.839862850198122679e-01,6.072468591548599859e-01,3.296966360882503527e-02,6.090482559708857574e-02,-7.107808349967850159e-01,-6.597720581160133602e-01,5.301232932882649074e-01,8.461808176800342252e-02,3.408104865192073674e-01
-1.210603738161995513e-01,2.082438186631809796e-01,1.271826059223298555e-01,2.827386576815297398e-02,6.222244571746153863e-01,-3.339375598340855178e-01,-2.126329218883915295e-01,8.144481561647014256e-02,-2.110217221870906712e-01,2.565980652420780661e-01,-6.898105025247486255e-01,-4.582836864316257586e-01,9.418950431431845072e-01,4.252504901317478991e-02,-1.082976332107915968e-01
9.518355035742787074e-02,-1.448108409513431116e-01,2.400461118527670024e-01,-5.742271836115925981e-02,-1.960839656009889242e-01,-3.069991434856824131e-01,2.441349412568931398e-02,3.339782659768158468e-01,-1.807409566366438847e-01,1.858700345711401802e-01,-1.021477277465367706e-01,1.788327056096599976e-01,-1.691289535383984910e-01,-1.113861993142098265e-02,-2.128007680881917330e-01
-2.085897072865178781e-01,1.131335058926629805e-01,-2.566811358746350774e-02,-2.808310046463022291e-01,-1.857284452393326291e-01,-5.557000507542825263e-02,-2.809201208250218795e-01,2.672864241875529401e-01,6.881903980430999213e-02,9.062662657780908015e-02,-4.715259459148761489e-02,-8.450534729090673769e-02,2.999328568997689515e-01,2.298839627745686565e-01,5.277654204202973931e-01
1.704598643433940519e-01,2.621958436232026957e-01,-1.570914008179779831e-01,-1.613668423185503908e-01,-5.241958051539842289e-01,-2.357594623844200266e-01,2.755193870728468025e-02,7.466393374785773585e-01,-6.333333131287673112e-02,-8.147831774295997975e-02,3.017863176122536073e-01,-4.641351309560415653e-03,5.444789327358653397e-01,-8.240800964864300471e-02,-2.036778091849450745e-01
1.466781925912516993e-01,-5.703693757444450174e-02,1.496794383885295121e-01,-7.897969698836984631e-02,-1.328950226991709171e-01,-6.062350111862352398e-02,5.359209158268887774e-02,6.890391813996972203e-01,-1.617822410935779165e-01,1.427096215449360772e-01,2.685609324604948944e-01,-2.353240039168254076e-03,4.742715834943542763e-01,3.555395093870448719e-01,-4.042972941720272828e-02
8.301374833519040153e-02,2.004160786829849439e-01,2.963478821470831859e-01,1.498515946529096476e-01,1.903763514978757676e-01,-1.332504353402391428e-01,6.874914783373170524e-02,9.822968847110792601e-02,-5.600673858749873057e-02,5.701469878899241284e-01,-1.673537167979255724e-01,-8.499024857634036867e-02,7.022208622937153866e-01,2.564245129729741945e-01,-2.345246415973537280e-01
7.162756902887212895e-02,-3.719505937623133335e-02,-1.901192801265817744e-02,-9.424791801284676529e-02,-1.379070059997826170e-01,1.621796510479003861e-01,1.636339130399262209e-01,9.378224123461258166e-02,9.655471345008283246e-02,3.327388863641691508e-01,2.240744121404140421e-01,-1.151174474094143613e-01,2.421186095454463394e-01,-2.287565944701755172e-01,1.035787527572137462e-01
1.151624821160088102e-01,7.404875509582103943e-03,8.941777189793652381e-02,6.709128095507768674e-02,2.069222204356277184e-01,3.268499594366813255e-01,2.570804557931956613e-01,-2.498765738838835682e-01,-1.656210992118982706e-01,1.691931124229689443e-01,-2.937003205799430527e-01,5.949854361816969694e-01,1.561130585276531424e-01,-5.254738123910526193e-01,1.736205762289914356e-01
-9.622611559917307322e-02,2.623274056272726362e-01,2.795347273929143367e-02,-4.932919448453835370e-02,8.511798506315834678e-02,1.478043614491765245e-01,3.155492678208898227e-01,3.056461786112324094e-02,-1.543622793643493751e-01,-1.917318688146891006e-02,4.215414728767144514e-02,2.455171668330602755e-02,3.380760742768559313e-01,-7.894781252916790448e-01,5.835695547341628042e-02
1.666654554834690605e-01,2.772583220326550399e-02,1.745333140181392351e-01,-1.835079169580562108e-01,-1.020202276476311343e-01,-1.206468300336622501e-01,4.203067331166406850e-01,4.404086288659030957e-01,6.379955380164668843e-02,-1.910270974724341542e-01,-4.178323067403651447e-01,-4.118691741767722680e-01,-2.805879458649194191e-01,-6.912119349903288468e-01,-5.160296729511174574e-01
-7.088795538129977203e-02,3.869694926066791218e-02,-7.025454355504873183e-01,-2.505832232940483420e-02,-1.746602976045696573e-02,-1.478983544938638692e-02,-1.911208842074138825e-01,-1.280218997818284854e-01,8.034538373352075047e-02,-2.345906407903003144e-01,-2.461744379049877335e-02,-1.089036918598230291e-01,-1.906381330260476792e-01,-1.419296972747996766e-01,-1.806526617595390627e-01
1.188459178341249589e-01,-5.404258121107088225e-02,-1.629443567204728882e-01,-6.721302766634246195e-02,3.608359299757028515e-01,1.093190138028475727e-01,2.468334214202785037e-01,-5.185691633977337345e-01,9.679984729370912089e-02,-2.865419289303299255e-01,1.751366287872862804e-01,2.952869775306217193e-01,-6.193766749501499608e-02,-4.258269306014743072e-01,-7.604003887402437101e-02
-7.684034096460679031e-02,-8.443217594086170619e-02,-5.260541665705498193e-01,2.430900749835921137e-01,-1.289188636452399395e-01,-1.341236353802256198e-01,1.602887838491938444e-01,-2.562441612743801556e-01,9.805736535260438369e-02,-3.717302780233270321e-01,1.294237715728038807e-01,4.779495826334908548e-01,-3.592217455829233019e-01,-4.512267543604831510e-01,-4.312635047233421282e-01
2.310524333000637531e-01,2.166422513442410325e-01,-5.112223519409747619e-01,2.934573223920258211e-01,-1.799672761350991079e-01,3.280435137795799094e-01,-1.258660976032184853e-01,-2.383012641627015871e-01,8.510988201744908166e-02,9.379310692943139405e-02,-3.440314340214077338e-01,3.095181686857872982e-01,-1.718917545365943045e-02,-4.018565726151504536e-02,-2.078475107079605019e-02
1.949679678258107174e-01,-3.845089570986133520e-02,-9.926236077555138093e-02,-8.110036275637000358e-02,5.246281693676793090e-01,-4.602418078180468552e-01,-2.380128915989009608e-01,5.488404145228833464e-01,-1.609386059538561124e-03,-1.531010645919425872e-01,-1.386912915818523162e+00,-3.552815602097973979e-01,3.337210815024049815e-01,3.594198973588505486e-01,-1.156297055603930507e-01
-5.780206470031494514e-02,1.408331210451932991e-01,-1.433938311234873864e-02,-3.073987004799984546e-01,1.350438852942600076e-01,-7.270095969222380994e-01,-8.926556727914212175e-01,3.644135702485811756e-01,-1.987147273508698408e-01,-4.268619730074900698e-01,-1.595308939384643354e+00,-7.305676463402606402e-02,2.408608889897386751e-01,7.373696867856455173e-02,2.067550040723476756e-01
1.669112892599058373e-01,-1.461769690083680219e-02,-2.846838174984981373e-01,1.129470205088720092e-01,2.017931754427654545e-01,-7.544627310013443111e-01,-8.095517865396000268e-01,6.308324217967766767e-01,-8.252672287271155260e-02,3.970828468334990369e-01,-9.384825851734117652e-01,7.706484684529746679e-03,-2.665891072034436149e-02,-1.726677805418998790e-01,-2.884608716572370501e-01
-4.789774229010291748e-03,-1.722544944328176578e-02,-5.466757615124658853e-01,-2.672492477870619942e-01,3.616595465349487504e-01,-6.726622299835196550e-01,-3.043021195658028311e-01,4.079707864624240732e-01,2.622489650585597618e-02,-6.287536348161601452e-02,-1.044640242286381637e+00,3.600004892347454660e-02,-1.916169213573656604e-01,3.038485273458204072e-01,2.051722319966170216e-01
5.462038770610577743e-02,2.740582094511059830e-01,-3.175717927187643452e-01,-1.285977061160097912e-01,1.369498763818990661e-01,-2.161202897099984976e-01,2.691072788401469018e-01,5.728662355539505535e-01,-8.556365205487161119e-02,2.405459436655459082e-01,-4.716700074060097281e-01,-2.802161281508852575e-01,-3.893481823118380980e-01,2.638743737826687030e-01,1.101017643438013255e-01
5.147046109015300519e-02,1.312717671948783471e-01,1.649170985071169160e-01,7.147687133331313836e-02,5.254723850609546165e-01,-8.302533427922384468e-02,-1.928426368786610168e-01,4.353477898277106628e-01,-2.049717808622007753e-01,-1.309838349277312186e-01,-1.169606229955984511e-01,-3.891219403588501713e-01,2.926924520628828574e-01,5.999514824542012681e-01,2.823354489233984022e-01
-1.811889678785281732e-01,1.707555125528620876e-01,1.069801557259155295e-01,2.298397509611375400e-01,2.200153014877603841e-01,-4.673666332658355516e-01,-2.271970820714726835e-01,3.713445886457121536e-02,1.762917784453281803e-02,3.900663437168466752e-01,-3.789695915039530960e-01,-6.708158785032456439e-01,2.429627302439265335e-01,3.487672475288469132e-01,-1.606319652690162136e-01
1.826773895135135328e-01,1.327706927612766208e-01,1.184984169389591419e-01,4.572737478579944614e-01,2.519323953297887830e-01,-2.616464402291835412e-01,1.194944598103753197e-01,2.189466383996606091e-01,-1.645809062216917473e-01,2.936951756003139402e-01,1.039737026138880527e-01,-5.842547187896514060e-01,6.896292066331721760e-01,3.801963803156413468e-01,6.854652268358422951e-02
-1.117927112363463205e-01,7.636039423667308201e-02,-1.226826368237699666e-01,-2.380250439355364664e-02,6.695449505750081798e-01,9.575590160855859678e-02,2.902935765228312204e-01,8.692046310806063047e-01,2.149661427040705161e-02,-1.348546020136310031e-01,-3.933058986830409443e-01,-3.556392653955174898e-01,7.816344851932088833e-01,-3.183534519306915889e-02,-3.802912962339905500e-01
-8.548325997373999730e-02,3.909714654468217365e-02,-1.972626508415747243e-02,5.253944553422757596e-02,1.194981031584019665e-01,5.463538080261426400e-03,1.016984580595058363e-01,1.715980272767558268e-01,-1.216460185484874862e-01,3.341823930508142776e-02,1.199956089470901599e-01,-4.027338103933497671e-01,8.063131186518970317e-01,-2.363470885682442402e-01,2.006772325543935420e-01
1.045442697612690292e-01,4.658859690273187137e-02,-3.472279695365810825e-01,1.280128370368238955e-01,1.387633830214424213e-01,3.811177625834228366e-01,-3.416169508921944320e-02,-2.471933846875051244e-01,1.046021109989515169e-01,-2.543073156199487928e-01,8.278463108070992921e-03,-7.101014971554315824e-01,1.502927880987579012e-01,-4.372309205088625306e-01,3.211049272432019985e-01
-1.442683796467062185e-01,7.946704847430023644e-02,-7.091794618852776955e-01,1.171566915414377387e-02,1.993869172697006545e-02,3.672314254731083583e-02,6.596877687474085594e-02,-3.666610812863400626e-01,-1.307611200965173304e-01,-1.285255205277854307e-01,-1.664429622956977439e-01,-4.142681023226816306e-01,-3.090876972639883952e-02,-6.466055599353538463e-01,2.342500072477191331e-01
1.504469057292190659e-01,6.627078910845214665e-02,-4.332099289495661143e-01,-2.425835439348183326e-02,9.786972688970652090e-02,1.340960692444410074e-01,-1.614167370987909800e-01,1.123078851417572271e-01,2.066126360466679843e-02,-8.734025840604110746e-02,-4.925216861911512756e-01,-5.430405389939834127e-01,1.456306427088957522e-02,-3.538928375897656964e-01,-1.112491784010487678e-01
3.296446341978150757e-02,-1.302873870138817336e-01,-1.646338321578106056e-01,-1.741757838102456213e-02,3.860645651218916341e-01,2.564705968067511610e-01,-9.785195791912185137e-02,1.014423305304177902e-01,-3.363806847294079777e-02,-1.698654766879718336e-01,-4.352716203934180184e-02,-2.295203968848363030e-01,8.253953657391516208e-02,-5.639137730580850993e-01,-5.967721025661208989e-01
9.691201357837356950e-03,1.647146368538002781e-01,-7.001167489795950827e-01,2.877417127445599521e-01,2.957532736463463485e-01,2.339141351121808432e-01,-9.220659541432505574e-03,2.114217989833949152e-01,-6.101032384100123912e-02,-1.370194440182568706e-03,-8.110868767829872983e-01,4.002739546644467072e-01,1.265714548902127368e-01,-7.388818741132420209e-01,-2.189372846297747699e-01
1.030246500286883249e-01,2.498530409701960053e-01,-7.483394973302733844e-01,3.723010949448525286e-01,8.016216235793199862e-02,2.204894623681485366e-01,5.882120792101398765e-02,-2.155555707170377921e-01,-1.836820350922279410e-01,4.057011335450536743e-02,-2.193277979735266670e-01,2.248135260302976460e-02,6.330517546141084528e-02,-1.477618312441327519e-01,-1.370714006841919630e-01
2.459675015154239031e-01,2.934884868437777437e-03,-5.307197680917256910e-02,-2.887262436824388628e-02,9.623927527928818892e-02,-2.798332527493318511e-01,-2.537447302307059283e-01,5.736310738165278922e-01,4.049956304977873206e-02,-1.671486504469656131e-01,-1.096580029061697825e+00,1.488686981093579609e-01,1.643336476231831156e-01,-4.917842178879225368e-02,-1.273503752104102882e-01
8.262929668961824237e-02,1.601132440638181054e-01,-2.837635969939208969e-02,-2.976540216967997199e-01,3.737796514684396665e-01,-6.029603703900896505e-01,-4.927511362349664692e-01,6.299885915293212957e-01,6.888512923669500021e-02,-6.888354635774707364e-03,-6.499853790107151807e-01,-1.091343518360433744e-02,9.586008316608912727e-02,-4.085045623081243193e-02,-1.522225066288864642e-02
2.279019840347559223e-01,3.507280101620211671e-02,5.366467509660936830e-02,-5.310031978084091969e-02,4.966041699082767713e-01,-6.911424018955161230e-01,-6.220005949514302301e-01,9.682883647841412644e-01,-3.207932740772443392e-01,2.004233535496466601e-01,-7.427515747780297772e-01,6.924948755810975132e-02,3.640761625065657148e-01,4.494632595557797317e-02,-9.419880785510552357e-02
1.990894542862761130e-01,1.845258852692221452e-01,-1.644231419603300604e-01,1.715566838125926474e-01,4.620290801241915823e-01,1.146347796258959939e-01,-6.246859501902366496e-01,1.843436306336439512e-01,-6.341979213736691212e-02,-1.134110270569668871e-01,-6.208392534154045794e-01,-7.689712527404811426e-02,2.717306233297813178e-01,-1.751750238248687419e-01,1.710586594609825040e-01
-1.531509250991801019e-01,1.768942146756359857e-01,1.104107439855516876e-01,1.996852651488452979e-01,2.795781419538798454e-02,-7.414113695322824271e-02,-2.126694911099921981e-01,-2.545549162258677334e-01,-1.175421328492289447e-01,9.592770360054996004e-02,-1.220446128927593632e-01,-2.619688665573985040e-02,-1.618875990795001496e-01,2.038838909067730853e-01,3.120582303334936136e-01
2.125398920019897497e-01,-5.518036670736598676e-02,3.750631076737842573e-01,-9.140857710440726536e-02,5.137557167916519951e-01,3.909875435036293256e-02,1.313959527950684658e-01,-1.894683222063393013e-01,-2.454438983543943686e-01,2.218164977527354587e-01,8.166174321884281384e-02,-4.958836556754128155e-01,-5.284180905524657468e-02,5.720211848662348775e-01,3.811920523771071267e-01
2.303158071020723896e-01,-3.815243149167882319e-02,3.738042190330289616e-01,1.801266438232126121e-01,1.908927313243161950e-01,-1.978258753307394202e-01,-1.071522057521749061e-01,8.870064183256769208e-02,-7.125775714276048889e-02,5.652883161406190293e-01,-1.476990146133115023e-01,-2.562815854782945491e-01,3.167734079083579513e-01,4.731968915651499352e-01,3.721174965155940595e-01
7.812120615830076692e-03,3.196481073047020838e-02,2.644638036878110277e-01,5.320752859726046724e-01,7.751932654569064773e-01,-5.246435807652936531e-03,-5.581842050739760364e-02,2.960748424215270957e-01,-2.490115051932699219e-01,5.906577091485476494e-01,1.879276213973349596e-01,-7.250648635870938774e-01,8.095831440857568229e-01,5.468572277924395042e-01,-8.134616478774049642e-02
7.521504723139201334e-03,2.529863697968038894e-01,-5.994527025031962664e-01,8.222506199281365280e-02,5.043278122477140579e-01,-7.846963504458290273e-02,-1.413238526592533739e-01,6.867102620116520839e-01,-4.667022585045823430e-02,4.040462544901102931e-02,-3.668585788795545866e-01,-7.250630810782211499e-01,3.013278958356930826e-01,-4.452153615996600755e-01,-3.764153788051372573e-01
1.071775553409344967e-01,2.733467796047133191e-01,-1.932112447739460503e-01,1.539468312799820437e-01,2.131773873703796673e-01,8.180601429764663979e-02,-1.666460855898259930e-01,8.168433762469425041e-02,1.249115730978374653e-02,-4.272550522675306883e-01,1.228649102467266885e-01,-7.842134837722877228e-01,5.507487941673544496e-01,-2.694295457441656105e-01,1.578828621488547468e-01
1.976565128237292024e-01,-4.965102861261732475e-02,-3.911367748579093195e-01,4.484058096668449428e-02,1.087877905473175477e-01,-6.150515062487206530e-02,-6.942298714182101871e-02,-3.042521502462270377e-01,-2.245589737838254718e-01,-3.694693190540452310e-01,1.571342081755396636e-01,-6.945239860141975141e-01,1.353088750214380687e-01,-3.902605536063448732e-01,-6.423414346216545223e-02
-2.068008844275551761e-01,5.012425735030804491e-03,-3.817371891284170315e-01,1.389220156835193898e-01,-7.673461210926545151e-02,1.210081202914895793e-01,-7.749547094262971836e-01,-3.800567379893390885e-02,-3.281451586335074749e-02,-3.118134641914340754e-01,-1.412218885676962965e-01,-2.916621466577852262e-01,3.353049653970981980e-01,3.562080811031256844e-02,-6.078459621221836418e-02
1.634582777572836654e-01,5.714767010250186574e-02,-2.806737522620370365e-02,3.519322583777832747e-02,-2.254872316764502671e-01,1.378746363293793520e-01,-2.778454667745486328e-02,-7.597468823242844137e-03,-2.632312311158332419e-01,-1.922697673298021381e-01,-2.602298665883315820e-01,-3.755332696089981326e-01,5.157101539963623166e-03,-1.850957159356450277e-01,-4.504647920077720080e-02
-8.033210959026373943e-02,1.960769783523889642e-01,-1.427124087066158897e-02,1.975518188497153160e-01,9.627665208817252906e-02,7.686967695233870579e-01,2.152669234678692995e-03,-3.877549341661726268e-01,1.674717542035270845e-01,-1.524073678863317183e-01,2.454653204874423372e-02,1.625600328072195622e-01,1.176071181459436010e-01,4.044750948835242055e-02,-1.325740590787008455e-01
1.634659249965992878e-01,3.292315922900391351e-02,-6.700452908380795103e-01,9.794816187967672616e-02,-2.877204352664980980e-01,3.132630572981542350e-01,3.661814999485167310e-01,3.246544996597901245e-02,4.633176097152768430e-02,-3.494553942797508084e-01,-4.821234692789158616e-01,4.452440892427235175e-01,-2.038701091665071768e-02,-2.288969013999655189e-01,4.250497415276456581e-02
-3.351426168387711124e-02,1.053479941227631750e-01,1.099366457373573830e-01,2.258357727481586086e-01,2.056656276225410640e-01,5.295278624284871505e-02,3.483020832223990282e-01,6.554848379830026384e-02,-1.783228890053295823e-01,-1.325132329675224041e-01,-7.177928377046710606e-02,7.359625532303384343e-01,1.278240898993378456e-02,-2.385451361156641081e-01,-3.508138118908583070e-01
1.027089241957002963e-01,1.332509389038492031e-01,1.641102132147171516e-02,-9.007532809774611293e-02,2.719202003419323721e-01,-4.241069693811916896e-01,-3.470530432225721884e-01,6.080758020259235952e-01,-1.786693515010950584e-01,3.367944593294461830e-01,-1.205336006316369835e+00,5.106816175932123864e-02,-5.315803952985596048e-01,3.953890406542622249e-01,-1.926153199630757096e-01
4.050059468644727489e-02,-1.062537825260940344e-01,3.109734260189744859e-01,-8.609443725425405813e-02,1.600548959258366044e-01,-3.892713347028298743e-01,2.085276196346470129e-02,6.758993731899709534e-01,-1.495614144010288249e-01,3.914419295609080640e-01,-8.100905446465507254e-01,3.979652607805579390e-01,-2.564270783371700446e-01,5.309356182433421223e-01,2.647625223511074766e-01
-1.495126687045392373e-02,1.778448665241059434e-01,-2.469479267543656098e-01,-6.194333546407372257e-03,8.730756712754621229e-02,-5.042492387596431147e-01,-2.234762232327612563e-01,6.909632364369040491e-01,1.470507099395391981e-01,4.863426325807988088e-02,-7.702367417584066178e-01,7.824347357756768206e-02,-3.425954797733428148e-01,-5.383347573001903141e-01,-2.173383587417549168e-01
1.884913354701321375e-01,-7.625991888583590061e-02,-1.945568095851412382e-01,7.554302495549822249e-02,-2.775030513971406543e-01,-2.549348328575001821e-01,-3.894913886919434964e-02,3.895256088062591382e-01,3.330605317134627263e-02,8.718923154496063810e-02,-6.593395342346750621e-01,5.247676237490474932e-02,3.388906904862435399e-01,2.180936555911892338e-01,-2.877451796899991865e-01
1.905307295483739654e-03,2.544299362039473822e-01,5.453632024845148779e-02,1.727327217709684337e-02,9.288819143633861297e-02,-5.650514952146197256e-01,8.619918398681364335e-02,1.543623355503403460e-01,-2.611027034532211188e-01,-5.503235990239858412e-03,-4.526727538109784343e-01,-1.727356647297152159e-01,1.846983333919686998e-01,3.291275835882215284e-01,-1.092153935102644149e-02
-5.688991284727316911e-02,9.055357462603355612e-02,5.591502084326664679e-02,-1.627624991658682130e-01,4.631036135601747650e-01,-3.189656676608014219e-01,-7.562545715864202323e-02,1.692457706823901065e-01,-2.238371068623258020e-01,4.988790686717277656e-01,-4.239945038294981594e-01,-1.686370278629491792e-01,5.803042352202856247e-01,3.263839331797222520e-01,2.493202866162852818e-02
2.303072116285542759e-01,1.071372687211398916e-01,-1.574724693784446961e-01,3.891620030729697199e-01,2.273193864936714492e-01,-1.397710205907843062e-01,-3.945418476170221012e-01,6.953982814850379057e-02,9.102158787737360535e-03,4.276977639886224702e-01,-7.091232354810865779e-01,-2.963929001659829643e-01,4.549872557648265703e-01,9.038621554637301658e-01,1.252348947524306588e-02
9.032226987742197899e-02,1.018387011071913845e-01,-3.980532155449423293e-01,2.439055250719749865e-02,1.373575983164617986e-01,-6.850777785834922806e-01,-4.915391635873513909e-01,-9.857510814949409228e-02,5.051752458577260518e-02,2.643283299284879817e-01,-5.149455529951754151e-01,-1.480484436850134679e-02,-2.721178767566589385e-01,1.870223282460981296e-01,-5.272803196011356386e-01
2.153053371109995839e-01,4.154920568512775192e-02,-4.362224288258191862e-01,6.460110326847844087e-02,2.037230837839829334e-01,-4.175929444593037831e-01,-4.526527961652794807e-01,-3.925273580035487098e-01,-5.068738408438682765e-03,1.774375431849512796e-01,-5.267046439425756565e-01,5.967508143171442597e-02,-2.229473659371420668e-01,4.101855303085922277e-01,-4.139072843307824434e-01
6.577708790681664752e-02,9.686775335379581298e-02,-1.403190395097669019e-01,9.794008102385329262e-02,3.451073062169069394e-01,-4.017860755939026141e-01,-1.987105015501274830e-01,-8.282592597167105775e-02,-9.573223351198238695e-02,-2.639925271761684247e-02,1.898586203431799901e-02,-2.589121776036782396e-01,-3.485260053868262098e-01,5.405146576379823431e-01,-1.183767360870654206e-01
2.409011415412937521e-02,-8.701969332891144882e-02,-4.161862648051881663e-01,1.553955660365596292e-01,-1.196441721348509568e-01,-2.120372752304204231e-02,-1.809345030512138075e-01,-2.801023611368927413e-01,2.505834734137344852e-02,-1.986637067641936205e-01,-4.579877216415954855e-02,-2.217059262682592180e-01,4.228466384989432170e-02,2.314142056530249791e-01,-1.152672306282671449e-01
8.598203135460275037e-02,1.416199536417648841e-01,-2.251152038680707401e-01,-1.342050873301180169e-01,-2.111201110415098295e-02,-7.324796330704774761e-02,-2.193380570514388561e-01,-2.933525418210566893e-01,1.800296183776554579e-02,-3.180072315888411438e-01,-1.851989661085056416e-01,-2.997893616196992683e-01,-1.804353503535301162e-01,-1.300298319673774128e-01,-1.008741517306659258e-01
8.741610735563981605e-02,-1.453611588554553843e-02,3.671639929075950493e-01,-9.532505060969076460e-02,-7.807762795006958911e-02,-1.663045085058750261e-01,1.509128989931843301e-01,4.615283130308079351e-01,-1.696700713433134111e-01,-5.345220856396546427e-01,7.721903735872392982e-02,1.154789067904661709e-01,-2.553316868896826630e-01,8.159208391955713457e-02,-1.476852313790317506e-01
-1.349175084410879633e-01,4.464893270569720435e-02,5.890335366611064716e-01,8.951168477382978605e-02,-1.421888373023407481e-01,-5.686896205161942608e-02,1.088292735061389682e-01,2.140983970369107481e-01,1.326927163300516133e-01,-1.401596275251630608e-01,-5.558839245583970801e-01,2.197113082750193000e-02,-1.078377131392039279e-01,-3.522648677478341095e-01,-6.398225414599281735e-02
3.685011252953040300e-02,-3.734559171095285651e-02,1.788719120737766455e-01,1.826434850918442765e-01,-2.895174280141679657e-01,1.522244023533883550e-01,1.003130320715908512e-02,-2.295881073522509919e-01,-6.242993827614876784e-02,2.065568152684103820e-01,-3.060324464880951889e-01,1.365659746192728063e-01,-4.214373314087296318e-01,9.254105390272772316e-04,6.680745381437407093e-02
3.468979931613598855e-01,3.561245591777027070e-02,3.361892816937448458e-01,3.498366783387958923e-01,2.154066723007374076e-02,-4.560066280062995137e-02,1.690823494474916477e-01,8.364110720624741424e-02,-9.190082043937787548e-02,3.140341388426273195e-01,3.861828023355973749e-01,-4.351680707831592221e-01,-5.565715165645725854e-02,-3.074856799343273495e-01,-3.688747735389683036e-01
2.721103479169442174e-01,2.685919267742827299e-01,6.730522477178296770e-02,-1.555188253771302709e-01,2.090011538824603776e-01,1.022549194705882625e-01,-5.939215773342343407e-01,-3.059374398610364421e-01,1.777712124685556713e-02,4.101447800030788571e-01,-9.495448403643289570e-01,5.309792651546096920e-01,-8.371642784838213558e-01,3.405574006889979244e-01,-5.336223533119063278e-01
1.204024152198084757e-02,1.102915575565407841e-01,1.693807988136667164e-01,-4.866151321249472667e-02,7.908858171332468212e-02,3.019035611480068160e-01,1.908571898179995396e-01,-1.791647313998742533e-03,2.901413832017464903e-02,7.857052530736606533e-02,-5.061085870601522707e-01,2.815471127132656085e-02,-4.896407361416268422e-01,-4.237176704483247569e-02,1.586434863151181263e-01
-3.695219978056588084e-02,1.408995402263732433e-01,-3.626146077165661730e-01,-1.263702517888539989e-01,1.177164373521742136e-01,6.333602442742378713e-01,-1.162086076474448670e-01,3.037611272961522960e-02,1.470039027969862189e-01,-7.886023440700833109e-02,-3.590046224192075530e-01,8.077563758215956791e-02,2.182396318835602422e-01,3.725092548711375073e-01,-3.044602801986783791e-01
7.614897577701452980e-02,8.643773637892392114e-02,1.030491542177673220e-01,-1.451125715657996251e-01,-1.197255964406093581e-01,-1.476433316659207795e-01,2.265797871007920739e-01,2.075568122506414870e-01,-6.161056703244525284e-02,-1.801944295067112456e-01,-6.836480952636420083e-01,4.480006976236535765e-01,-1.469651457259854577e-01,3.103515011183319294e-01,-5.455936254743228020e-02
-3.547734325610664430e-02,-1.629028894751172740e-01,4.847797663737754559e-01,-1.701445374935303123e-01,7.376097446573309790e-02,-2.732490803794073719e-01,1.787695170148632939e-01,5.875023244862427330e-01,8.902484224888480846e-02,5.490361390873476494e-02,-5.837867959473374002e-01,7.802804838386302455e-01,9.847792449966230599e-02,4.805212808137024338e-01,-2.596471403648076826e-01
2.101864511201563188e-02,1.934201907739256932e-01,3.487644191084093848e-01,3.087622730772323493e-02,2.808112538473789832e-01,-4.727929824757595711e-01,4.181301445785777227e-01,3.661123564504142336e-01,3.945751479747455076e-02,-5.274084818379858736e-02,-4.809835804273573934e-01,8.625508796495688635e-02,-1.527881884731517245e-02,2.923741269390536801e-01,-3.399406875957842744e-01
1.431525777676766892e-02,-1.724251034442433883e-01,2.406439704356036768e-01,5.764715344868995457e-03,5.727006795569098418e-01,-2.433325831450598997e-01,-2.824573962250311876e-01,7.162677772084125039e-01,-2.915750915789476136e-02,-1.609445617352511515e-01,5.557918102199296828e-02,-1.297922564052550742e-01,-5.546784078065753604e-02,8.132505039709213568e-01,1.269085711835731267e-01
2.768786509854204159e-01,1.230650779873469630e-01,4.717184056545793008e-02,2.445650243725989714e-01,1.927137775586441060e-01,3.320461859512735970e-03,-6.355931220138582027e-01,-6.973748359401674701e-01,-7.015759670385983415e-02,4.035222566743869033e-01,-3.998627230986169789e-01,-4.792227462569081387e-01,-4.530059531936391215e-01,5.085874207361316124e-01,5.693591725674423953e-02
-7.836287795130551792e-02,-1.196615432690650710e-01,1.281159345861746235e-01,4.213611252741594204e-01,-2.847395520919471790e-01,5.592020167941613717e-02,1.350100794710483443e-01,-5.107549056834363999e-01,-5.604963332437971381e-03,1.387980822797865443e-01,-2.750921913950661879e-01,5.029945361389567132e-02,-5.828654487966711262e-01,5.180449619857308008e-01,1.896189636004052825e-01
4.575160291772373267e-02,1.903126818418452992e-01,9.334476183986568920e-02,1.764331107807526611e-01,-3.964416483433088473e-02,1.375790193999769026e-02,-3.339886129601191134e-01,5.468121351398855245e-02,-5.957484191182745026e-02,-2.139621243898551517e-01,-5.102945940887030352e-01,1.403521197969859191e-01,-1.295270054858684849e-01,6.462416809391974271e-01,7.768218665575889192e-02
1.538929524658723125e-01,-5.114682832569816817e-02,4.039932412241544757e-01,-4.111551586406989728e-02,2.665609498629951113e-01,1.873227205352862024e-01,-3.253091381554262113e-02,1.592356069553894637e-01,-2.534797588646580113e-01,2.783080749740084528e-02,1.110909879570921507e-02,-8.572360803294150344e-02,-1.294570974641442718e-01,1.451927282446684730e-01,1.393993673586193804e-01
-8.718484493771871957e-02,-1.916172399064617130e-02,2.472923662092762764e-01,1.991806987892434100e-01,3.643225798678339511e-01,-1.142492030629469191e-01,-7.587655691579822115e-01,-8.911154070625112653e-03,-5.315600767056903424e-03,-3.187304995326358803e-01,3.478530036668424363e-02,-2.837053215610516599e-01,-2.120259748952983136e-01,4.150624899735145812e-01,1.513912540773495281e-03
2.143884697374859316e-01,6.692532240811706334e-02,6.545442007435492426e-02,-2.483368783210088415e-01,-1.124307782484657847e-01,-3.386212263169408043e-02,-3.581931152229505533e-01,-2.520314950977185497e-01,9.669786161684042203e-02,-2.592509749774304928e-01,3.319757871563302487e-01,-1.786325402069074142e-01,1.793395360287298457e-01,3.975260505972655900e-01,6.259353733093146743e-02
-7.395673989404513704e-02,3.823742818068392307e-02,5.724049286542335357e-01,-1.029280191847570525e-01,-5.017451061987057551e-05,-2.551367178240530054e-01,-4.868192792690091419e-01,-4.812611487361213025e-01,-5.004163041090958081e-02,-2.493198948577088625e-01,-1.607457789032171874e-02,5.136638754948930075e-01,-3.565994997168537850e-01,2.392451392488646744e-01,-9.691571945028427948e-02
5.012948815638486322e-02,6.650577984371314200e-02,4.801837073648898002e-01,3.711209391651531520e-01,-1.172463862179897454e-01,1.605865386599158451e-01,-1.372923044458073671e-01,-1.158573105681871135e-01,-6.336134583433308820e-02,1.223868046158624323e-02,1.504475152777725866e-01,4.401656125446360424e-01,-3.463840895413836662e-01,-2.472162654449653052e-01,2.001657200524445748e-02
8.001968352920142691e-02,3.289692560014696454e-01,4.281895341755446172e-01,1.559709229020389831e-01,5.296017164237387664e-01,2.665399968999030977e-01,-2.435595365976416793e-01,2.010852485732763650e-01,6.619854022385768255e-02,-3.711120958645531820e-01,6.095597817144770003e-01,-2.928618680748388270e-01,1.342153936388442992e-01,3.569590721250088250e-01,-3.559979975590524259e-02
-1.625438319851002858e-02,1.957886482466138500e-01,-7.553530153994200691e-02,-4.733258176970286252e-02,-7.501899229503858901e-01,-5.123145805226674288e-01,-5.444000119447891528e-01,-1.920012507444757710e-01,-2.262319122588908049e-01,-2.873050367794071844e-02,-4.530538199422908252e-01,3.482065570037994329e-01,-4.627280736300521946e-01,2.166627812865468405e-01,-2.553069179588779991e-01
-5.524745783352016937e-02,2.049288971304753793e-01,4.668890783128514244e-01,-1.374758938087605464e-01,-2.622292286024284214e-01,-2.452573098981079003e-01,2.702596644604736142e-01,-3.790709386247007040e-01,-8.170392819680445673e-02,2.552336870518739573e-02,1.282557532755895513e-01,2.256161953366417061e-01,-5.161458213657188487e-01,3.741791525902012361e-01,-2.859476619460337710e-01
-4.912538139462511999e-02,-1.032020086969769185e-01,2.543585057318437114e-04,3.515331881521382429e-01,2.081434312637292228e-01,-3.157682476517063574e-01,3.590998939545597679e-01,-5.001741220080005434e-02,-1.887197065587310207e-01,-4.742175447045881426e-02,7.067432973021019471e-01,9.237293067918701805e-02,-4.300300761149399298e-01,5.715453974869412201e-01,-7.136382127337049797e-01
-1.998536218604524684e-01,-1.987217273160353792e-01,6.256065048552775787e-01,1.352163278160085046e-02,4.765912471286897767e-01,-4.952426207141483183e-02,3.604946580213291840e-01,2.815374129496351352e-01,-8.300572388653119915e-02,1.251229117809553870e-01,-8.525653526545363958e-03,4.570463542914368071e-01,-2.089871920051200316e-01,2.597839197168109182e-01,-1.901550019062533126e-01
-7.954976165959720680e-03,1.584230945234961219e-01,-5.663408981066268139e-02,9.164597467554710941e-02,-4.259625873679991764e-02,-2.159542429565490251e-01,4.242439716309748254e-02,4.843266370175577928e-01,9.835082101607824090e-02,-2.971127558051906981e-01,-8.487236896372349348e-02,1.003845165754077673e+00,-6.055393088791800604e-01,2.725090771333626982e-01,-3.614949403254267835e-01
-1.498847296314563815e-01,-7.374098126440156720e-02,2.735905084193869241e-01,-1.374124126732701456e-01,6.804450754116690980e-01,7.274064799593205066e-02,1.899026372132126272e-01,2.346529469026056858e-01,-1.996313580463070780e-01,-3.612756880125596037e-01,-5.307639916700932492e-01,6.769252764395887745e-01,-3.420057342425002478e-01,3.485425756149152410e-04,-3.592761820993087274e-01
-1.481774152662291288e-01,-1.854057517247171272e-01,3.353282862751941762e-01,1.904759014096243652e-01,3.466108002286392709e-01,-3.034357827707778732e-01,-4.098243668295741826e-01,-1.386096068857503583e-01,1.449866118389091796e-01,-2.346839472124962189e-01,-3.197737882594003378e-01,1.195124611009475007e-01,-5.091189850430195563e-01,7.047210990293205635e-01,-5.330231390737466546e-02
9.046316170627002884e-02,1.423587472080794780e-01,7.882173468393849358e-02,-6.139166150256920168e-02,3.239878793715978422e-01,-3.724912720587594817e-02,-4.665785225245943635e-01,-1.793540087876301925e-01,-5.864856429406780508e-02,9.599720482074723671e-02,-5.789147680219267622e-01,3.478262990876112015e-01,-4.581842194175509420e-01,7.303529038947931262e-02,-4.263951639865491416e-01
-4.449460439835981052e-02,-9.269971713297427141e-02,2.013124989912201401e-01,2.733430128916817803e-01,1.906796307474012686e-01,1.419099179242357678e-01,5.973391774123286424e-02,-1.967976175377574855e-01,4.733377104619266446e-02,-8.966369005410999848e-02,-3.707093773322620023e-01,7.814434147859191659e-01,-8.624181551626178277e-02,-2.715981297648240034e-02,-5.928938063057253016e-01
1.589787349658113857e-01,1.657877272482150555e-01,3.259565008767362215e-01,-2.255320552199112927e-01,1.506148897064467085e-01,-5.810749280329904898e-02,-3.786472753273736891e-02,3.522296172395765201e-01,-4.099916155873013779e-02,-1.441716155060780158e-01,-3.055968727148299369e-01,2.869533622611756263e-01,-2.661035374372252016e-01,1.268681722527880695e-01,-1.221818355865755407e-01
4.475698603152640509e-02,4.364424019272716143e-02,7.019277104911961773e-01,-8.146653817406576681e-02,1.686048708005942172e-03,-3.068334358595052325e-01,-3.717901772026008245e-01,2.201482145633502086e-01,3.760858324700428607e-02,1.814594671768090736e-02,-2.622755580099235262e-01,3.626555375984593654e-01,-3.899566568926002841e-01,2.799829547807798913e-01,-1.339307502754383539e-01
8.745809506837488867e-02,2.680949176004692944e-02,1.505162374775663447e-01,-9.868118580054426742e-03,8.672541576413081432e-02,-3.260247082212411329e-01,-1.137758279087706104e+00,-1.944629679730116023e-01,-1.399654275396919612e-01,2.515223402324147095e-01,-3.154024041240146015e-01,1.687661390672595962e-01,-3.685060276085470043e-01,1.989243921940506421e-01,1.703041331465568742e-01
-9.568690326057777140e-02,2.532473592812325425e-01,-5.786106840190809175e-02,-1.800594247649969504e-01,-2.985384478590837332e-01,-2.803485795169642358e-01,-7.022272856982301192e-01,-5.046218655511760520e-01,-2.743962884211974609e-02,1.809570353086404071e-01,-1.948516566081013590e-01,1.390333312929049603e-01,-4.553739343683507190e-01,1.518543772377668744e-01,1.742245658196841240e-01
1.426917091434635187e-01,-2.114233273544575617e-02,5.120676538216700768e-01,-7.705040400099215370e-02,4.032781779572368053e-01,-2.280953544024329482e-01,-1.112736074096664973e+00,-4.682424554860790678e-01,8.502002916874291938e-02,1.803962014027450655e-01,-3.435148982617108326e-01,-4.233908009615322543e-01,-3.207348223021351252e-01,6.402060240373198541e-01,3.472993530525598227e-01
-1.130171928938739218e-01,8.570212691549905504e-02,5.740167572861544221e-01,5.459357117819588039e-03,3.288148053571385288e-01,-7.359069878171700663e-02,-1.898334991783497683e-01,2.030664311995707405e-01,-2.635036380794928412e-01,-1.572213427433920285e-01,-1.243309735332826654e-02,1.619103771754534515e-01,1.377743428532663128e-01,4.054540004577798507e-01,-2.574140563860387657e-02
2.674589320986957564e-01,1.788816088148683162e-02,1.856445806007548105e-01,9.512896423830885517e-02,1.771426978532181229e-01,1.749171339265734038e-01,-5.359925486930345873e-01,-1.634780491690875914e-01,-1.823019348922739688e-02,-1.056898252945378397e-02,4.355449454176816837e-01,5.831533442446665966e-03,-2.098275328719558519e-01,7.363405263544197110e-01,2.476787577122660164e-02
2.419216285746511041e-01,1.759732983972418507e-01,3.380915588419709517e-01,3.817246661192449930e-01,-2.582524156006967275e-01,5.178663529362836915e-01,1.384025187473987561e-01,-7.746018324365959717e-01,-2.722629380282861611e-01,6.356162914542573539e-02,1.109123301355291025e+00,-3.147607997947291514e-01,-5.991525048578913992e-01,8.991014919554385365e-02,-5.263501185458550891e-02
-7.788584273616944165e-02,2.102025182328518538e-01,1.008853974869732689e-01,3.392904122835326830e-01,-2.048289395713761285e-01,3.510892899233828968e-01,-1.275704567540488499e-01,1.220620648189773725e-03,5.415449798970237844e-02,-1.223359281525561448e-01,2.125097871442962194e-01,1.004541155756653176e-01,-1.666885557752958158e-01,-9.164547905992248555e-02,-1.764273729176532857e-01
2.397100944777227904e-01,-8.979385597352178283e-02,-1.215497701613780929e-01,1.869783248001671006e-01,1.665595909185565993e-01,3.486633266091872241e-02,3.547211989361810369e-01,-1.516230597251991830e-01,-2.607993479676581350e-01,-5.081406458933470649e-01,5.219025907644212481e-01,5.620252718386317126e-01,-3.405081257628280733e-01,1.198475950630627784e-01,-2.503563049630253556e-01
2.400936209085729675e-02,-6.664921007422362764e-02,-1.452948890833976985e-02,2.146589192435333915e-01,-6.465619623009997152e-01,1.349275994334019346e-01,5.276282987779441491e-01,3.221026282451802669e-01,-9.830893623870885778e-02,-2.357492626496908439e-01,8.202252286633102130e-02,6.413683129321092746e-01,-4.090604553589277659e-01,-2.322016504804994275e-01,-3.107961515891651261e-01
2.717037650898073906e-02,2.834986879495318343e-02,-1.297520735263643921e-01,-3.305352522521901731e-02,5.325793228299255944e-01,-5.512259374033037229e-01,3.842945312441221617e-01,4.978940777802217110e-01,-1.094098700286533360e-01,-3.062349156021837437e-01,-9.840397365547430830e-01,9.725021462977435638e-01,9.478139407484695300e-03,5.042544977013897756e-02,-5.299410260620468494e-01
-1.280880393001908035e-01,-3.546623128066510311e-02,1.808969698594342923e-01,2.189628521955791773e-01,3.138836300793202971e-01,-9.246816331629983399e-01,-3.336439565693408160e-01,-1.527097371451737740e-01,7.305547820745263154e-02,5.580353173162416053e-02,-7.329187856155832126e-01,3.411284374886592863e-01,-1.315202182738731962e-01,7.746439325012312027e-01,-4.109652699095643347e-01
9.794877560469891428e-04,-4.288977768356025400e-02,-1.653527711599109551e-01,-1.601288091648676581e-01,-3.686549884626046381e-01,-7.421709598095991289e-01,1.118257616210846239e-01,2.659320764490226696e-01,1.020599031555565091e-02,-1.172800006586141447e-01,-4.912409580643790075e-01,2.855027080222113378e-01,-3.758253227717370804e-01,7.701124113681504513e-01,-1.542554183483389185e-01
-1.384647791477383594e-01,-4.952249078216977574e-02,1.006301862972861921e-01,-4.722096129303667705e-02,1.863210323205390651e-01,-1.985002763034462436e-01,3.061392229475765614e-01,6.859481811388934425e-01,5.544386234942252217e-02,-4.197300725583451991e-02,-4.514286509806677006e-01,5.643308732229637137e-01,-1.137452170207557504e-02,3.956355665373977870e-01,-7.727049599951026915e-01
-1.304750780203229286e-02,1.682847018674795206e-02,-2.090224376043859633e-01,-1.379731873517472118e-01,2.444899110052843605e-01,2.640113751513628246e-02,2.750687842487046786e-01,4.864553628400632435e-01,8.308949937874955671e-02,6.730374894733946733e-02,9.630592534496027618e-03,5.433400627051407916e-01,-1.803836920963247936e-01,-1.332024693267487014e-01,-6.828511611410522653e-01
6.086502892580525695e-03,2.210606882338112533e-01,-4.275709894471971806e-01,1.262099846885318954e-01,-2.986613410011952907e-01,-3.897616072672373533e-01,8.976005457554772637e-02,6.547797431352375686e-01,-1.318969161386337463e-01,-6.114415537457584121e-02,-3.493406344512106632e-01,1.714056600172076672e-01,4.523479189716944626e-01,1.037549929542899707e-01,-4.342493756437221797e-01
1.150052091213656369e-01,7.562196812628430020e-02,-2.473450788728671357e-01,7.613863847440128715e-04,-7.606770993414386783e-01,-2.010745061767206798e-01,-4.739456870055484827e-02,6.750140110704445640e-01,-1.270408573170855315e-01,4.975297236056958755e-02,-6.998769304250830325e-01,6.203085317284211531e-01,-4.008560471280632198e-01,-8.452656698324024706e-03,-2.908522207618242095e-01
2.493810596220306930e-01,1.534640880732115499e-02,6.537680306999568702e-02,-2.786265761237267588e-02,-6.182891649342905360e-01,-3.384720947756077458e-01,-2.797998424710768095e-01,1.473548953166002318e-01,-2.284573365914932819e-01,-8.050154609498878788e-02,-2.475133578618207708e-01,1.213748756206254296e-02,-5.421694262090893668e-01,1.340746714879293700e-01,-7.970689197897770639e-03
2.618174951354992896e-01,5.789017164778567648e-02,-3.338457709759665715e-01,-1.383285440164259104e-02,-5.858890125793427689e-02,-3.060627503397439150e-02,-4.539689774919695719e-01,-3.620096015007084334e-01,-2.005755622219140000e-01,1.972945064039020868e-01,6.267295923965741922e-02,-6.489675802485966871e-01,-2.911744363229985533e-01,2.668647395518117249e-01,4.912070449307181508e-01
6.729823748484477230e-02,2.381518894077387927e-01,-1.204167357085686868e-01,7.185092663012003500e-02,-2.105657209129897511e-01,-7.715113550442570522e-02,-1.018880801282041060e-01,-1.798766039104818804e-01,-1.484389627650903598e-01,2.628042112028382005e-01,3.969541811487809491e-01,-5.670638535036799377e-01,-7.217658475984572997e-02,4.550981658583253542e-01,2.237688176320877520e-01
-1.945381404797909622e-02,1.085596246964703332e-01,4.801688750825146013e-01,3.788106349474788526e-01,-2.692150447546108258e-02,-1.030199758900368356e-01,-3.446207747130341503e-01,-1.040223415964209169e-01,-1.101967869466153466e-01,3.609903981204098944e-01,2.924127005437583415e-01,-3.390165408656329316e-01,3.065299136097108246e-01,5.603093803825337504e-01,2.186203323970884183e-01
3.495157040400904136e-01,2.028453463012566682e-01,1.639929293053059844e-01,3.757907440571057189e-01,9.604992918565966042e-02,-1.509953990704401006e-01,-2.546600279177989035e-01,-1.425503933389814515e-01,-2.269358906656609165e-01,3.310078153920381627e-01,2.199205926715080694e-01,-2.245974669334085683e-01,4.626141138701735794e-02,4.797368059407162710e-01,-1.360686679693627055e-01
