-3.120034742505474745e-01,9.035766361405751790e-02,-3.848006115186742848e-01,-2.995687900508171506e-02,2.199578299758352465e-02,-1.691443836605733067e-02,1.920303834925184971e-01,5.309802352420153054e-02,2.172752988507339056e-01,-3.753593021789939921e-01
-7.439364465849541974e-02,-5.774781814605419589e-02,-5.425045418612922665e-01,-2.030373112131490521e-01,2.328880745750012971e-01,-5.588113430118355623e-02,-3.657788690423822802e-05,8.101808999851681237e-02,2.702861426481767970e-01,-5.745721768767859672e-01
-3.909528754237494019e-01,-1.276984867363261111e-01,-5.067645098245537882e-01,-1.157503266539875036e-01,4.778876759332014723e-01,-1.959260966850538410e-01,2.213707611767202488e-01,2.814633543946876496e-02,3.764643827513127206e-01,-3.057922947437258787e-01
-1.867253029574455492e-01,1.175493298933558001e-01,-4.507853062584527004e-01,-1.684783805128813039e-01,2.780040804070792460e-01,-1.593198841190524573e-01,6.526647688066029851e-02,-7.813548860462033244e-03,1.560772069588048649e-01,-7.258877332702329266e-01
2.430175515314852430e-01,-1.249082470651956683e-01,-6.800050598431207627e-01,5.810594421018700634e-02,2.072736955791427971e-01,-4.025231391007470794e-02,9.724694267363952205e-02,2.751571505222875635e-01,3.163102143516211551e-01,-4.479980335551379533e-01
-9.591706473105348491e-03,2.055419320464617061e-01,-4.324800222209737033e-01,-1.543783077492396349e-01,-9.023066727072127924e-02,1.919420105830081380e-01,-3.473343560869146529e-04,-1.163098361784376256e-01,-3.491467034819613346e-02,-4.110097793270630073e-01
-1.071122983041915416e-01,1.163275733225161562e-01,2.375411625214291778e-01,-1.512703984136807844e-01,2.362414413676478253e-01,8.733970640507834893e-02,-1.626458837985267913e-01,1.582989916545415529e-02,2.911987930336446539e-01,9.330305889759382687e-02
-3.165043693155230042e-01,-1.667155403826056093e-01,1.863729507512577044e-01,-3.689119485480566590e-02,1.916026803854375613e-02,-1.063607282254228348e-01,1.822800249481730528e-02,4.633502382912763062e-02,2.857457274962310056e-01,-1.635054677124112565e-01
-3.873642518530627243e-01,1.416165479498659452e-01,3.180566709430198563e-02,1.103647636087720305e-02,-4.876153686054408576e-01,1.417697532579273445e-01,-4.861045537092233138e-02,-1.252960890960711782e-01,-2.217891067531112259e-01,2.010682068501760608e-02
3.021118534351073526e-02,-2.319593753211127846e-02,-2.894035745160278283e-01,-2.713099997833949284e-01,-5.338830028475468614e-01,-6.743376554189210725e-02,-1.826680715252294029e-01,-1.265757523538109941e-01,-1.336922257635152211e-02,3.522138872948869185e-03
-1.535037295717654460e-01,-3.398588132216808638e-02,-2.351840972576345334e-01,-9.784101955782696647e-02,-6.208801464135448311e-01,3.166981203527694660e-02,1.537363019184328217e-01,-5.814733500149974615e-02,3.304140578039706511e-01,-5.031460635586029739e-02
-2.021193718994268584e-01,-5.269871883691375214e-02,-1.321854927464189977e-01,-7.985396104351931423e-02,-6.701235474867220931e-01,-1.253032918136502416e-01,-1.033697146808324613e-01,-9.812612768919926065e-02,2.409427611774829590e-03,-4.600053755915042841e-01
-1.888406047135164504e-03,2.054985033589539628e-02,-2.321758024557012412e-01,-6.776189770229844311e-02,-4.547507969117795534e-01,9.507855295265925377e-03,1.648958064577315391e-02,-6.365452490205622538e-02,1.517989713322947243e-01,-8.130673941156429940e-02
9.452882549348419483e-02,1.021085910778024531e-03,-7.471035478125110929e-01,2.599892982189467780e-02,-1.707998360565704532e-02,1.524322799909926252e-01,4.101365800670132844e-02,4.750297778323480519e-02,4.486140306232215269e-01,-2.516943677594988826e-01
-1.451077514070316099e-01,-1.818508541060258055e-01,-5.325592202671388664e-01,6.411685855889547037e-02,-2.054918617856090479e-01,-1.600655721300451861e-01,-3.028887695643302236e-02,1.389273081404455712e-01,-4.577391087924667645e-02,2.100128951212146960e-03
2.423026625445128673e-02,5.535017395265386976e-03,-3.031434878743096695e-01,2.393515400466799947e-01,1.032389156856436223e-02,-2.998377600365669249e-01,2.752085065410993514e-01,1.339491353077391367e-01,4.487910998742326574e-01,-3.107580856326196961e-01
-2.356438805033518047e-01,1.807674377759270756e-01,-5.302974224596280761e-01,-3.306117680437418299e-02,2.411437937557479316e-01,-1.844582238376480388e-01,2.554085167911269161e-01,2.539738571794651900e-01,2.334425938750085694e-01,-1.688041027896628465e-01
-2.154582216268429717e-01,5.336974366958337213e-02,-4.175679862945212983e-01,-2.477483717820962994e-01,4.258818142144018548e-01,-1.936334574820758325e-01,1.788416649604771258e-01,-4.759396807480390651e-02,1.606274934223213824e-01,-1.803785475560459872e-01
3.711634858385542968e-02,1.194955605448457109e-01,-2.975156973899137913e-01,6.058514743281186860e-02,-3.785998118778282073e-01,-2.080568749725048572e-01,-1.015869835807100413e-01,5.749384741293913498e-02,-3.637593845643354862e-01,-1.529913029416058758e-02
-2.569389865930073458e-01,1.915032628780371365e-02,-6.544110983404513027e-01,5.505311119928397307e-02,-1.609044654768800597e-01,1.483546160599217845e-01,1.229727366341270833e-01,-6.965681433428932978e-02,2.011683998196686918e-01,-3.123110163106898596e-01
-1.086342320737898187e-01,6.255033026160258802e-02,-5.609284942251012707e-01,-7.129580404886705358e-02,-3.223736299329175298e-02,1.407173439962390304e-01,-1.727174641464180316e-01,1.118404829466602690e-01,-4.453873765420492126e-02,-4.446053075562048096e-01
-2.292384468445280987e-01,-7.017122662291003232e-02,-1.226209132148433495e-01,-1.631786387851341669e-01,-1.363416117826506679e-01,1.120062395676652139e-01,-5.943223711428961831e-02,1.456060412757483602e-01,-1.049781610113265963e-02,-4.005071627370854759e-01
-2.141453748873158314e-01,7.620528184272493642e-03,-2.689450780304065702e-01,-2.487483191541828564e-01,-5.650909998668188911e-02,-2.402312600961544198e-01,-1.645892410592381117e-01,-1.074081608488820783e-01,1.084678704013187500e-01,-2.777978846386541245e-01
-5.402077977702067768e-01,-4.619515782039775031e-02,-1.128074649461336676e-01,-1.873918397451091455e-01,-2.791375840492255067e-01,4.480921305322887321e-03,-1.068514327259628555e-01,-1.193139621729555344e-01,3.068174410421033449e-01,-2.634679423892101746e-01
-1.097204323403068033e-01,-9.888860245160070728e-02,-5.068443676633817008e-01,-1.045100982415486796e-01,-2.697390256528963554e-02,-1.840959816659834547e-01,1.277749853022969694e-02,1.005887098445283068e-01,1.439341057443085069e-02,1.712946997808492133e-01
-4.458259693109614674e-01,-1.327422310520331994e-01,-3.672882336234418732e-01,-2.070193870174962258e-01,-1.697490537435691615e-01,-1.881863607028017582e-01,2.152853510127123726e-01,-1.620722212766677675e-02,1.997882452863684877e-01,-4.344695466291394192e-02
-5.399148483646737384e-01,9.239135644029955116e-03,-8.270757719030873423e-01,4.941959391075472635e-02,-1.916673692492895376e-01,-2.473264789522291313e-02,-9.238363816974898626e-03,2.255264299616888818e-02,1.481247960523673080e-01,-2.491268739028329113e-02
-6.174044187025213085e-03,-7.971297483713497833e-02,-5.464508052467959009e-01,1.909541310803021877e-02,-2.427967525890563916e-01,-1.143587302569484404e-01,-7.943696342907198560e-02,7.744123167028635346e-02,-3.417281437978011982e-01,-1.065596302331384970e-01
-1.445179944747981560e-01,3.603704456214368301e-02,-5.108784744707299819e-01,1.234963948166565711e-01,-9.184592426011557731e-02,-1.635701084369519109e-01,-3.422233772856930756e-02,-1.876084866089449132e-01,4.286971469584856531e-01,2.270165608988760630e-01
-4.134309648756095967e-02,-1.341972042374954266e-01,-2.790428281138121816e-02,1.201445123088497186e-01,-1.680839246827489641e-02,-7.903733707217622251e-02,-4.611646950622326144e-03,-4.189686402521889536e-02,6.243039922775681788e-02,8.142475643758281811e-02
-8.180667985528368435e-02,-1.865816616548662821e-02,-1.065849104152644528e-01,-1.118180717181839062e-01,2.373172004153118742e-01,1.377152419225605440e-01,1.246553590897702957e-01,1.350710535801221690e-01,3.821228871904596702e-01,1.453697591589453997e-01
-2.035111399400197363e-01,2.119632626644291640e-01,-7.314311527845035465e-02,-1.211222582274508464e-02,-1.319849742673878390e-01,-1.328229235861146940e-01,1.157515437065361058e-01,6.531426986363164655e-02,7.420080648941710377e-01,-4.783549396654158958e-02
2.187595806671137622e-01,9.626799950327254510e-03,-2.094097033091986138e-01,-9.982528023146168550e-02,3.286711382668149328e-01,-2.108569271821693625e-01,3.125996170368392640e-02,2.969204839053545819e-01,-2.093447321623201351e-02,2.136531872862751022e-02
-9.172472450386822546e-03,-7.626558004791800238e-02,7.672166569319269214e-02,8.843411149649489655e-03,-3.244564841754270929e-02,-9.002197341267037523e-02,-1.029628445830369117e-02,2.640055249138599167e-02,3.783636369492397039e-02,-7.044948821034929809e-02
8.978716396329096405e-02,5.829845262121052894e-04,2.575995233101040574e-02,-1.068604262724309889e-01,-1.579941322265746295e-01,2.509666142116025872e-02,1.696823384410527102e-01,-3.180531123382907693e-02,2.308399809509186634e-02,-1.551319837741728658e-01
1.779251593488519467e-01,5.048135272046154302e-03,2.253738258228775715e-01,-5.682504116754650419e-02,-2.746627552051650323e-01,-1.881386027827502624e-02,1.336811238456761530e-01,7.255797286415391345e-02,3.409058216122159285e-02,-6.843949996946074518e-03
-3.292810821816390399e-01,1.541033813807609065e-01,-1.010738431724262851e-02,-8.306992752979160122e-02,-7.083153870702256494e-02,-1.487361213472145893e-01,1.299858308246751304e-01,6.767393881176639314e-02,-9.108138511155203232e-02,-4.940738459756071621e-01
-3.004764947285739063e-01,-1.900820386786092331e-01,-8.271747052708157411e-02,1.895979161917753508e-01,-1.026339237852067626e-01,-2.371999421466479130e-01,1.266276172332439220e-01,-1.000286635505674426e-01,-1.766650917771977747e-01,-3.636951298495884610e-01
-3.000722491127524871e-01,4.639429108125302237e-02,-9.710504404181426186e-02,-1.035883025366927807e-01,-3.313618760608115776e-01,1.131118174491874545e-01,1.905069357743731373e-01,5.656659688073200493e-02,-1.684565019812221676e-01,-3.409961167289091155e-01
2.396103627866092434e-01,2.041653726255402423e-01,-1.701700403626075220e-01,-6.027250996704532765e-02,3.411893478981756905e-02,4.091113582176632291e-02,-5.516741238671583891e-02,-9.054656159720969599e-02,-4.347448487366722264e-02,-2.143055243067593096e-01
8.762309344154807500e-02,2.443755449884743025e-01,1.278342164759253552e-01,-1.090501455032377581e-01,2.983456343138583475e-02,-1.090329409770226243e-01,-2.723927352939176788e-02,1.451425952811134235e-01,-3.459962188797638949e-01,1.729392034465494499e-01
-2.288134677206893064e-01,1.050590972437257936e-01,4.532577202320348109e-02,1.801930339419085430e-04,6.496157055610703168e-02,-1.727724255772620232e-01,-1.766302664789870525e-02,-1.338934409631301337e-01,4.571944498397206846e-02,-5.938333388199039387e-02
-1.781572855356525209e-01,-3.325006419150290660e-02,-2.758776214216948283e-02,2.136745672646876426e-01,1.563741752733750767e-01,1.054297290996518421e-01,2.508381617112315776e-01,2.604763082193911616e-01,-9.334390808831583008e-02,1.617502414812401201e-01
4.327241204957958665e-02,2.159612904284429757e-01,7.044237847158534016e-02,4.808800951010356872e-01,2.139322377550621421e-02,1.365006162077873463e-03,-6.208201412035964373e-02,4.282723757835880940e-02,-4.487898009341086403e-01,-1.100065650870836291e-02
-1.180598966846828218e-01,7.575272214560434259e-02,2.501122345612888931e-01,-1.173770959031485012e-01,1.871424800811640476e-01,5.961109447870264338e-02,1.468381006456939974e-01,-5.459624997741931857e-02,1.555719930525615580e-01,1.793135505749489655e-01
1.533650632504024447e-01,2.399208827130930310e-02,7.957371357277240320e-02,-1.479709078150272528e-01,3.762001315594256656e-01,-1.645113635946666708e-01,-2.169734846742051027e-01,1.124189415974438146e-02,3.798475392449124910e-01,5.601933776607906368e-02
-1.543488496106050489e-01,-6.790345557544023858e-02,4.218623585045905289e-01,-2.910226764592064863e-01,-2.663907341447431243e-01,1.446754388603830321e-01,-6.606179917030327586e-02,-2.392498116613196169e-01,2.743803119794336332e-01,7.413578179146820303e-03
-1.346621001314234622e-01,-6.445748347194603378e-02,-1.029336902124736719e-01,-3.146967261070982014e-01,2.539236147866111119e-03,-1.984477773212512397e-01,4.746091975573198118e-02,-6.131304602698522781e-03,1.450102515724977781e-01,4.776021451585327898e-02
-1.829171249701493362e-01,1.827430449647933774e-01,1.057347238297764863e-01,-1.098928804761730854e-01,-1.132455763119516040e-01,-1.715785927212531981e-01,2.496258650104645482e-01,1.738392327518806513e-01,-4.120540639656857240e-01,1.897745510942563940e-01
-4.050045506463620382e-01,-1.156855807860877466e-01,8.417963859760960177e-02,4.532307349191983664e-02,-6.249039523465885759e-01,-1.998296072177073099e-02,5.230576687626101173e-02,-1.499905185390260250e-02,3.912305086024164824e-02,1.520396710253676398e-01
8.355319188167644601e-03,-4.845385221996868080e-02,6.998188840798000299e-02,-1.919866910142471461e-01,-3.384450284031698120e-01,-9.278585975429221033e-02,4.512518709166614406e-02,1.408944187742554137e-02,-5.453220527334100287e-02,-3.984741333044894418e-02
5.151369832518413842e-03,6.467426585074627365e-02,1.768001387901221855e-01,-1.833679588067506638e-01,-4.444144316926245120e-01,5.526262317404768282e-02,1.535316372498891913e-01,2.100058699262363771e-01,2.071473348895892241e-01,-4.945796229793421595e-01
6.698321342368589171e-02,1.658248187408269403e-01,-2.752929262469554494e-01,-1.204361539856733804e-01,-4.414536913672582052e-01,-1.690377656064566692e-01,2.403883460155086527e-01,6.915121151501935071e-02,2.455049460959725371e-01,-4.213350721553993372e-02
-8.309267454417691712e-02,4.216796398750070375e-03,-1.655372790538441885e-01,1.668024984256902266e-01,-2.094208235855624378e-01,-1.579571605442007809e-01,-9.496368383103230559e-02,6.152511151362626690e-02,-7.218431848405000573e-02,-1.741207017557202530e-01
3.718650061282109953e-01,2.458211134906071460e-01,7.493456980612724083e-02,1.360559093011315113e-01,1.293991294532762827e-02,3.402108267685381021e-02,2.285314118414771556e-01,1.901916311134776993e-01,-1.121116668810533956e-01,-5.420258976007722579e-02
5.660916217976519338e-02,1.836967557521578809e-01,-1.518039023554755840e-01,-2.631146007608399853e-02,1.835919242368946047e-01,-2.228882443431400850e-01,1.291970950654554307e-01,9.524429801549155750e-02,-2.348361319598148145e-01,8.180537199313771637e-05
1.681215908746562238e-01,-1.521672355887701729e-02,3.624533463498278429e-01,2.727122018812843107e-01,1.641191389823498936e-01,2.699403298022867367e-02,-3.913648638233431509e-02,-8.178746962893670980e-02,6.498146712181683549e-02,-8.609148819766976324e-02
1.817624910003602379e-01,2.926789390518972911e-01,5.039477315504126143e-01,1.822258785519377186e-02,4.936508931138734457e-01,-1.821753697957020912e-01,2.326949036364363288e-01,5.814378476302273051e-03,-1.130902135622028071e-01,1.246578962421892450e-01
-1.069143138753528427e-01,1.544283476253326126e-01,3.012780180469694091e-01,9.583113823222876027e-02,3.769324024190866540e-01,2.891414118751704787e-02,-8.231568088462044852e-02,-2.338096627856736665e-02,-3.584600390887851540e-01,8.181131941895342097e-02
5.757200051614617953e-02,-5.476258135002397276e-02,-7.408742324512337940e-02,-1.575431017565908851e-02,5.935394774610044388e-01,5.642869589843896999e-02,1.185793598973160085e-01,6.152025859828134241e-02,1.360049533226382612e-01,2.093380881859572273e-01
-3.398679524223045811e-02,-6.820609725857310936e-03,-1.025875455667065589e-01,-8.432437473239919046e-02,3.784481755685444870e-01,-7.925766594461400999e-03,7.474511614674043958e-02,3.942120273128565250e-02,6.751030046327663459e-02,8.909943286838226117e-02
-2.064785435189437912e-01,1.156840467811694056e-01,4.091061953040963095e-01,2.766980053758949509e-01,1.737813312602337346e-01,6.987850912786930380e-02,-1.569561954842714491e-01,1.892894559518882441e-02,4.088233784226753820e-02,-3.115585695115651380e-02
-5.199180395430668122e-01,-1.033222263947615877e-01,3.369384841966739375e-01,-1.268636236553003227e-01,7.708215827137525344e-02,3.183992075675976668e-02,-5.271349306586775585e-02,1.342053354316865843e-01,1.070308378890498235e-01,7.065769359130941174e-02
-4.824579851184128132e-01,8.697289087405683794e-02,2.028289869821589542e-01,-2.564483337341107450e-01,-3.995351917600962338e-02,-1.438055447124453878e-01,2.131117335279937020e-01,-8.517510810798728516e-02,6.067955668665210578e-02,5.137811633999369576e-01
-2.019717562380182185e-01,5.010393461554310535e-02,1.479996399996207912e-01,-1.236060670487333785e-01,-3.386356265346318617e-01,7.169159587773513143e-02,1.890367755905743019e-01,1.032121553087772259e-01,1.421572407008051264e-01,-1.667998378818571700e-02
-4.094563398694544554e-01,5.995981098708851736e-02,2.376954548384462296e-01,1.031243293651435272e-01,-6.558467353014926227e-01,-1.786149120427719117e-01,-1.659213259592088041e-01,-2.098668032083818302e-02,2.722247809358930293e-01,3.502692560100342106e-02
2.853574661803823243e-01,-6.680577254078544358e-02,2.881907289038196929e-01,-8.679852872871611502e-02,-5.472607242189589938e-01,5.221447718005222532e-02,1.631511083092953285e-01,2.900914804216600876e-02,1.977979447296362159e-01,9.319250636162892953e-02
-8.870792047049984308e-02,2.362870503613043877e-02,5.681965164670117058e-02,5.570618283790457897e-02,-1.322324572579371693e-01,7.608662631509999219e-02,-2.837804257206621300e-02,2.159469249462513118e-02,2.186800330326713337e-01,4.283193324384974854e-03
4.365946360062573084e-01,6.368333425181171847e-02,8.519257509830786834e-02,2.225466866031224900e-01,-4.113863351163742355e-01,4.319420849932546075e-02,2.358278339711124827e-01,2.450230759472176931e-02,-2.016523423453502051e-01,-2.880411837625827462e-02
-8.273955942060036428e-02,1.512205545104762794e-01,2.119568907611508179e-01,8.590355963878511247e-02,-1.063947640480695095e-01,-1.504586991044638000e-01,-2.670693342634002099e-02,6.331597138826658422e-02,-1.794647757518551268e-01,-8.070837460150396062e-03
-2.635558240599669005e-02,-9.507662943290583202e-02,4.821196728134676812e-01,1.265607307470606735e-01,-5.223750990768194491e-01,1.170581456958661726e-01,-1.655188240133706468e-01,-6.800599291880757465e-03,-6.397809435892103103e-02,3.061264152110592662e-01
1.622969100262706410e-01,-1.168223921682811361e-01,1.791467141720115216e-02,1.197928621602269011e-01,-1.202291178801651733e-01,-1.559046248594069262e-01,-1.783553469771329003e-01,2.074709327149234506e-01,1.821034582358157794e-01,2.895476550754689238e-01
4.101027571631292168e-01,2.268178284781944831e-01,1.633084191808584773e-01,3.596155296467675733e-01,2.897405868960327702e-01,-8.867166936188972115e-02,2.195594006358163319e-01,1.326197762426115090e-01,4.511210021779666346e-01,2.010963086684323109e-01
-7.085437839341086896e-02,8.583816094908226779e-02,4.549856490354837746e-01,1.259039601947712361e-01,2.215103895211819884e-01,5.677651848593093936e-02,-4.867307282063556076e-03,-4.463797588253021892e-02,2.818944879877621212e-01,-1.475678032352901181e-01
-1.471670298847011504e-01,1.630207876001699696e-01,6.354176126532505853e-01,2.004454798170526506e-02,2.872993328280262215e-01,9.617130708175589127e-03,1.896989957106737512e-01,1.545824450868270583e-01,-3.317478642052863053e-02,-4.716390179930503648e-03
8.092982920963855131e-02,-5.241414377360788246e-02,5.064896941218923754e-01,-3.632383480835793543e-01,1.356057769411695701e-01,-1.448506492503042198e-01,-9.340845692839920555e-02,-9.884240562120263918e-02,2.066012090549314284e-01,1.440916996830404750e-01
2.649075934858142189e-01,1.835455442183718255e-01,1.774467600462266148e-01,-1.255936701155089263e-01,2.969869928296278161e-01,9.957838201363691799e-02,1.665854132867923554e-01,7.280191498794317574e-03,1.953455527395382696e-01,4.026535916953336014e-01
-1.069987187512664445e-02,2.849741246508560866e-02,4.791130198759671610e-02,1.395483319763373697e-01,1.352871298602522365e-01,-1.447398607219698707e-01,7.710648708174548671e-02,5.711144058164451670e-02,-2.031104674328737814e-01,3.168712355666172820e-01
-6.743217130889919142e-01,1.971009934641342887e-01,8.724281719585257333e-01,2.334519682562660389e-02,2.583331348371187969e-02,1.325581997259556999e-01,-1.636707948343421315e-01,1.762682268506668981e-01,-2.748427630192902815e-01,4.796289346176967894e-01
-6.527527029002527792e-01,1.852061611139150243e-01,1.692619361137020495e-01,-5.589880911541161151e-02,-3.491377946156121181e-01,-2.171511214375458354e-01,2.328107535131311023e-01,9.966031356092155957e-02,2.354829840664333929e-01,2.388705448465345271e-01
-3.453617002872526043e-01,2.004277548823386601e-01,2.008820924564486687e-01,-3.175898491809319574e-02,-3.801360480621932547e-01,4.425061016745151371e-02,-7.006107038922422536e-02,2.943372465879577279e-02,1.031709551036001649e-01,2.194949274234745187e-02
-3.454406750161190254e-01,3.574347250202010440e-02,1.107143220864876959e-01,-5.985173498733933201e-02,-4.031045352763492629e-01,-1.570961196437013485e-01,-7.223324053259098931e-02,3.079189732757967556e-03,1.117126511999605443e-01,-2.697914296107196616e-02
2.400184639507818019e-01,8.417343720109111971e-02,3.725417370200226896e-01,-7.896936375036149591e-02,-3.027824673135470768e-01,8.950550255682901413e-02,-6.536315894324033759e-02,-1.092611261740218664e-01,7.962034093478292940e-02,5.252921451076736359e-02
-2.170502397789111915e-02,2.026422998990226598e-01,9.376095894260795538e-02,3.404229957511766269e-01,-4.994216565274444131e-01,3.029326679055384386e-02,3.562520720899442495e-02,1.522940376633963588e-01,1.122987702560923617e-01,-5.691930082907974836e-02
-1.806321663688861823e-01,-5.277040337856461066e-02,2.511094500643670235e-01,-1.044505381826187768e-01,-4.988659262030187280e-01,8.906088311922719797e-03,1.342113430018258835e-01,-8.128626263428054451e-04,4.997126562793166582e-01,8.652921754381293074e-02
-1.530651491633627792e-01,1.359528898807859099e-01,4.589857319756878162e-01,1.462072983298292050e-01,-1.607391587841525971e-01,-1.898960539302589345e-01,1.768980709837376930e-01,1.012484558510027555e-01,1.939184888697457476e-01,1.767575643883067538e-01
1.227000172448870635e-01,1.735418467303579959e-01,5.019292606550030955e-01,-1.956869916141835697e-01,1.063061415458857323e-01,1.553861833508693446e-01,-7.353176733016091038e-02,8.015075895112000470e-02,2.639989135072739468e-01,1.995827475270882043e-02
1.792312367688876362e-01,1.122881095854615513e-01,2.017243684434409379e-01,-1.294215357406751921e-01,-3.592173151618654331e-02,7.668355115206326733e-02,1.298367629988191607e-01,-7.079253035850088804e-02,1.603365320089968071e-01,2.329804245754025782e-01
1.751543984088191341e-01,-2.371960579483362586e-01,1.931448336798206600e-01,-1.825939457564488833e-01,-6.224701927445642352e-02,-1.835553625233680153e-01,8.412681777953036344e-02,1.891268121594613105e-01,-2.761280758156961848e-02,2.204079999936965906e-01
2.153297339223138596e-01,-3.843135692395557163e-02,4.066664823031992393e-01,-3.695482221198648221e-01,-2.253807103297448544e-01,-8.483925641021353159e-02,-7.918540438668973669e-02,1.302098846778113328e-01,-3.058032000258627606e-02,2.598740863345363615e-04
4.429645249713689004e-01,6.989614767182081301e-02,1.862040983457881049e-01,-1.299015527752697408e-01,3.136811849050437084e-01,-2.930219232775002972e-02,-8.205929122519640961e-02,-6.610788626358468645e-02,-1.072575219355624832e-01,2.176695043135973839e-01
-7.027708103640241399e-02,-7.991172903988368048e-02,5.116708237400332537e-01,-1.322681350791309329e-01,1.297236477412597455e-01,-2.171315747247434813e-01,1.625215750864003050e-01,1.772204045873378986e-01,-2.618010233348287419e-01,-7.537342429245666442e-02
2.312147546529786379e-01,1.429253098955476919e-01,4.835824665729545613e-01,-3.158833286589264877e-01,-2.902661332235318206e-02,1.273203509373027897e-01,-1.088117393017169060e-01,1.947365868685381196e-01,2.518341691356232870e-01,1.564791889422822435e-01
6.119704196401334895e-02,2.091363392269650068e-01,6.728411531631500742e-01,5.427934179727610803e-02,1.114978720951230601e-01,-9.812444772445746977e-02,-1.089158358449460705e-02,7.554833759826631856e-02,-3.396850031677909887e-01,4.963000519304706093e-01
-3.492674450074704784e-01,2.394053942201998519e-01,3.609078329308413879e-01,5.094808569585024954e-02,-3.150763753352684438e-01,-1.479166856281506348e-01,-8.818746968223888094e-02,-7.756485545981137153e-02,4.202752284216710460e-02,2.730620492007205802e-01
6.132690024178072408e-02,1.423867415996301067e-01,-1.506748120398870017e-01,7.720189700139352962e-02,-8.771227705032678956e-02,1.114138902151009802e-01,-9.136575770410453046e-02,2.209860454078644010e-01,-5.311258435565301417e-01,-3.939720002689110073e-02
-2.263170631338194405e-01,1.311034385872317243e-01,3.396824868352179422e-02,2.755193308546871056e-01,-1.681951478932202371e-01,-1.167602594327282750e-01,2.996060454658618089e-02,1.540442929103153780e-01,-1.395938924605719944e-01,2.090218343145651136e-01
3.100520170676377973e-01,-1.321215834959908568e-02,1.961890243193770700e-01,2.058449233226345987e-01,-3.434165970606530838e-01,4.549742292934195326e-02,-2.623621942675393587e-02,1.142839397562571968e-01,-2.356698190992720376e-02,1.172359035723328537e-02
2.002921071299411104e-01,-3.203196113226325359e-02,2.950055385565411026e-01,5.796154345969876248e-02,-3.130672814085146971e-01,1.005879050585651580e-01,-1.370625986255758766e-01,-5.011695505227908159e-02,2.735792720457306815e-01,1.975561444831431812e-01
3.758204065199340360e-01,5.099586541953268770e-02,2.408055089247133906e-01,9.253405602582882861e-02,-1.567651859306516127e-01,-9.468650071877471319e-02,1.754213555243400446e-01,-1.088398598921882232e-01,2.829788917655522984e-01,-6.281546009086505511e-02
4.122057231229614600e-03,1.092681585963934804e-01,1.733684130676320656e-01,2.689265523135447311e-01,1.264362344062559644e-02,-5.755776628965492830e-02,7.762962887451425875e-02,-1.002485534604559692e-01,3.888634551682628726e-01,-2.044567751575663839e-01
2.825703284834535922e-01,7.954840229877237212e-02,4.674467200003138423e-01,-3.016865692487273876e-01,-3.151542552168287159e-01,-1.312640339593213745e-01,6.027763361576513046e-02,1.619939264197983175e-01,4.710570746062964775e-01,-7.746997466298301271e-02
-1.935080293369238758e-02,-3.667941466421933278e-02,1.134074260443155291e-01,-2.817191190550756286e-01,2.689654176066308411e-01,-1.591156784841952776e-01,1.452849746186155311e-01,1.898629987877787847e-02,3.409704379105956140e-01,4.613384717774374547e-03
-3.311192883837435486e-01,1.653856979751425760e-01,-2.620829761417400872e-01,-4.724268642134701185e-02,2.532082874057286492e-01,1.716458144276224174e-02,-1.171429783542502906e-01,-7.200505217502056743e-02,2.328751572900657762e-01,-2.580416408187606314e-01
-9.464898214597096404e-02,1.875354802305710944e-01,2.846890308923305524e-01,-3.632260515358761710e-01,2.715378347906284295e-01,-6.251305488635819363e-02,2.572645721129254021e-02,6.420415576978261152e-02,5.564664390661753224e-01,6.917635792530266170e-02
1.248200323417791441e-01,1.227895974304100135e-01,-1.737592643915057966e-01,-7.863057445376629706e-02,1.658044915603005542e-01,9.251825234484548077e-03,-6.041014641705827470e-02,-1.638517244638548476e-01,2.590337245847970649e-01,-1.030515310314605304e-01
5.293486206177562270e-01,1.252876734624797095e-01,-1.009166434068565765e-01,-2.067436769317010370e-01,-5.745734915660832137e-02,-1.327309461543749736e-01,2.191915090297114066e-02,-5.950625660808950973e-02,1.330506300239513717e-01,1.076534141816911372e-01
5.843041408651433732e-01,2.239153659980228639e-01,2.485850049515756222e-01,-2.516436749909497506e-01,6.749054469987442184e-03,-5.725417961533221106e-02,4.022025597155282073e-02,2.100826416693773457e-01,2.099007222737397649e-01,1.610045337342942973e-01
6.015077245559558028e-01,2.087388872004673490e-01,4.651002273105302454e-01,-4.035839115356242290e-01,3.180173372311061453e-01,-7.852993522663356818e-02,1.398647114507517997e-01,-3.175934959474881539e-03,1.393222475019484097e-01,1.746646626058446228e-01
1.281377607707100963e-01,1.546238969639917313e-03,1.559183471952289013e-01,1.059066602618604150e-02,-2.097891199682697383e-01,-1.402843169272042778e-01,1.988762130038942699e-01,9.319886690389986295e-02,-1.227545524547350199e-02,5.416850589837991781e-02
-4.184502818892780751e-01,1.541068849344831571e-01,3.481146045593803695e-01,5.117586819105660739e-02,-8.453309724705880546e-02,5.054953306071516966e-02,-8.908817139935311250e-04,-1.047669449530762575e-01,-2.967644893937306239e-01,2.798549395344681057e-01
-2.006747687621637244e-01,2.378551311763144049e-01,8.418880467305793480e-02,4.011506784694713335e-01,2.535497071669621238e-01,-2.045836664967243812e-01,2.152658106386630410e-01,2.645971564195617742e-01,-5.367192845607081653e-01,-1.060656146108093500e-01
4.186343424766713617e-01,-3.611626814947691000e-02,-1.436103471838721668e-01,5.173610010496169087e-01,-8.234130462422377394e-02,9.402781775095503392e-02,2.556107592728456557e-01,2.556228680740161782e-02,-1.392822739226970141e-01,-1.832564287444752305e-01
-4.207005243627230662e-02,1.161933668922194261e-02,-1.236125880833170571e-01,3.192483418910441184e-01,-1.136759750684716436e-01,-2.176086810253542447e-01,7.426920282077661842e-04,-1.183840106376135848e-01,-2.739961754944902350e-01,-3.506867807175331753e-01
1.991025918764721681e-01,2.080443932968279452e-01,1.701001042035102384e-01,2.438340333393344828e-03,1.050852037772914277e-01,-1.549691914254006653e-01,-1.191265802513899325e-01,2.375664663152191325e-01,8.229317093950669348e-02,-3.383725545337596397e-01
1.269502543393159488e-01,-7.131984222800668606e-03,-1.923155846765292054e-01,-2.529389238230821957e-01,-5.549688723085074299e-02,9.135161644006109527e-02,1.649545484665121131e-01,-6.111076698886669899e-03,5.453604152707942215e-02,-1.220426683942448659e-01
-2.508478537589243357e-02,1.049682768889807633e-01,-1.387514397742326544e-01,2.913847141195083715e-02,1.564063832039422064e-01,-1.991794898402663438e-01,-1.489103035471532888e-01,6.025861656138565420e-02,1.534607263271152433e-01,-5.795623182852123467e-02
-1.017989441947097090e-01,-1.014928060073949125e-02,-4.863356370491668246e-01,1.456689493271798308e-02,3.809819414781107083e-01,8.946673956408415784e-02,2.163889506268770746e-02,8.542693453654082170e-02,2.198766968447918579e-01,-5.463482622474578887e-02
1.350922768111079975e-01,-1.013873722295819818e-01,2.422991467306759295e-01,-2.341487007841574486e-01,-9.370955883444041790e-02,9.590742252032316562e-02,-1.598664841041271822e-01,7.548668279168810336e-02,2.953924558347907348e-01,-1.192207061293706905e-01
3.746219877148971311e-01,1.838679399165626394e-01,1.630093396211004242e-01,-6.233714772791720815e-02,1.354342368467511271e-01,-8.419091186226235202e-02,3.466039781566822298e-02,-1.506318853527835455e-01,-1.505859370934213050e-03,-2.316636643947188046e-01
4.085569641028550802e-01,8.374071497556655197e-02,-2.816686360660990429e-01,-1.750867693494264077e-01,3.395945080645295100e-01,5.457339534641663520e-02,5.092934811390195660e-02,-7.855161688806736042e-02,3.199912004522491027e-01,2.439262026989393317e-01
-7.271311345959273476e-02,5.463252943087564678e-02,-6.210279173576749301e-02,-4.761914186528377613e-01,8.930904480126526657e-02,6.333652689588174789e-02,-1.042734129101563351e-01,8.598315192643227189e-02,4.394122588222428016e-02,8.668722763546776733e-02
7.425523391779683680e-01,-1.107411111722270136e-01,2.813900009486616227e-01,-2.757147954448693761e-01,-1.889755096830363079e-01,-1.559318836963827781e-01,-1.380552620990323220e-01,-3.265309923899104017e-02,-1.945557785423800840e-02,2.062319538269405950e-01
1.580100422742660438e-01,1.287947270443188519e-01,5.008874391974104112e-01,-2.879091818311511064e-01,-1.272678116196990505e-01,-1.006015902361537262e-02,8.480430535847237328e-02,-9.377532279322059461e-02,2.526292309989729978e-01,2.477398703990824069e-01
3.600673661330892374e-03,1.267128405538572693e-02,1.034896737051280852e-01,7.179878883223576522e-03,-7.111083951310369355e-02,-2.318324499923696269e-01,-3.644751231531290214e-02,1.731974356492500811e-02,3.229922964224606896e-01,3.551031412206529514e-01
-6.950752374073913831e-02,2.169166247752938106e-03,-1.467642539828268311e-01,6.109913928558294988e-02,-4.730744675239103442e-02,3.369137982079323940e-02,1.279444992637058243e-01,1.325572142886309313e-01,1.760816466272022984e-01,5.422338559331465330e-03
-4.209617564451671456e-01,2.933084894430159489e-02,6.672648798427049076e-03,-9.245937224723440456e-03,8.313376772847493046e-02,-1.009906374782980343e-03,4.380233067554424597e-02,2.370893739810802647e-01,-1.182714634348238647e-01,-3.864864399512572823e-02
-3.207396996791654353e-01,1.064495946577801860e-01,2.931848322212441404e-01,3.659874255864809522e-01,6.708374930970396888e-02,-8.421827269303658325e-02,-6.159523358095111978e-02,-1.540887999234651952e-02,-1.870777867168318676e-01,-3.371621155123851188e-01
-3.831845258960303591e-02,-5.952722144828201216e-03,-2.763100796057617048e-01,2.595002812386371094e-01,1.291881668563627794e-01,-1.874876063683135752e-01,-2.743453084074036485e-02,-6.761856055933440635e-02,-2.234445604855967715e-01,2.148249785583689411e-02
1.509968861611094559e-01,-7.871310684181355433e-02,1.687426250377064840e-01,5.632598180431820367e-01,-4.638895705591338237e-01,2.033300256011386087e-01,-1.210539730462428382e-01,-1.498933140940245275e-02,-7.262646645970960435e-01,-1.429810305915845126e-01
1.477643134880643194e-01,-7.375236715441692292e-02,7.058553892224095350e-02,1.180636253147071130e-01,-3.451306602327559592e-01,-1.612488990465189009e-01,-1.198044611911149200e-02,7.072885878739462728e-02,1.081455320534003006e-01,-2.722706844749925303e-01
-1.636286549587203515e-02,1.234203527363278569e-01,1.848262681820783127e-01,-3.074404454717909463e-01,-2.176733739408434967e-02,-1.605035366464888091e-01,1.863525076693387239e-01,-7.768404780350959826e-02,-1.941250979092961348e-01,2.400988146940861157e-01
-1.532380856625550902e-01,1.549377805468578340e-01,1.417269666294937724e-01,2.581786575377278611e-02,3.179171888930421019e-01,2.848278336814711459e-02,9.464713562238831479e-02,-1.395948621958150067e-02,-4.338200821288604181e-02,3.227537695900197234e-01
5.116709929533621581e-01,2.699056492044602656e-02,-7.426180687407248071e-02,-9.778575972393135918e-03,-5.988565727588378990e-02,1.821034708466209850e-02,8.671016164015739325e-02,1.953294606258447752e-01,2.497072683870010107e-02,1.721107356276685985e-01
3.779825545933543363e-01,4.936536686511435595e-02,7.671763879619518389e-02,-1.411417810213246721e-02,-3.560570277956023322e-01,-1.726565155737946194e-02,-9.323146369508848730e-02,1.107838304752020442e-01,2.556463454692568527e-01,1.173846353090345074e-01
1.456292950739596637e-01,-1.092275486856844474e-01,-1.616354211282723385e-01,-1.136616321423701143e-01,-4.845260549090790042e-02,-1.872112564358598824e-02,-1.090989425783207706e-01,-1.442636957580701977e-02,-7.823273545833317466e-02,1.177914003265003173e-01
5.620742137861776955e-02,1.385398334759366246e-01,-4.337239042305146564e-01,1.503929298895037292e-01,1.199531833140536213e-01,-1.547786261351902226e-01,2.974276691052649135e-02,6.507027500583018043e-02,6.330287352245549115e-02,7.422744490263860628e-02
3.892526323603697214e-01,-2.755538121968817509e-03,-2.207311317381302138e-02,-1.453844445043749045e-01,7.717100236518338596e-02,-6.574752499968475328e-02,1.658057942000472906e-01,3.494131102428554153e-02,4.132396543717387627e-01,-3.457917841033037072e-03
3.111748261833811591e-01,-1.155252314747508974e-01,-3.049909539965015570e-01,-3.493767753850064457e-03,-1.061817464122188498e-01,-8.105633314388159929e-06,-1.329006470673196327e-01,1.953040711098192328e-01,-2.187502348525526552e-01,7.878100035890986397e-02
5.686832717274153959e-01,-1.143474201664399781e-01,-1.345908137387483161e-01,-5.597820308534186967e-02,5.963597020273302407e-01,-1.025021438827917238e-03,2.279367729495496431e-01,-6.785002851955498904e-02,-5.185922259781931831e-02,-2.058197800182631765e-01
2.446067184902583347e-01,-2.217152142310962470e-01,-7.588983876312120624e-02,-9.517770333879184419e-02,1.491956247561144477e-01,-1.055367512758764031e-02,9.468580576542211247e-02,-2.693134271534701474e-02,1.254984508878227989e-01,-3.313773206308251451e-02
5.002219263800743443e-01,1.207494339301651703e-01,5.055640290535871051e-01,1.798747400269464225e-01,3.290887075881598900e-01,-1.796369283317650334e-01,-1.136341074725216310e-01,3.371317998099965241e-02,-2.244377739436740071e-01,-3.158682480950235072e-01
-1.781359505759935735e-02,6.859893974378201975e-02,-1.195970737912125381e-01,5.536356835170688079e-02,1.249316764404778124e-01,1.035541097692071477e-01,-2.511807147000300056e-02,-3.123987709387670425e-02,-2.591735013595255488e-01,-4.918821249473234736e-01
-1.796877098704271480e-01,5.113780784263789736e-02,1.490344491746258271e-01,5.059757184428826937e-01,2.436439667644033358e-01,-1.232270213667547437e-01,8.583818564648308669e-02,1.623734916233756098e-01,-1.725904114643176113e-01,-5.817580329644675974e-01
6.423079527490570262e-02,-6.434713808034213389e-02,-2.943067686341044320e-01,4.054420343267479687e-01,-4.248661539557634370e-01,5.753996314531367035e-02,-4.631773151697278490e-02,2.246842231365591136e-01,4.645830814529532116e-02,-1.154163618084345644e-01
1.067671377754728784e-01,-5.761617464670874128e-02,-3.760883750256832636e-01,3.806978682272563197e-01,-4.911820678423207687e-01,1.824245644260369392e-01,5.450104146597270494e-02,-9.496252250353018343e-02,-5.163217830363340255e-01,-2.003577101035980759e-02
1.789103284225500579e-01,1.593395222905233943e-01,-6.135545303672553658e-02,2.315775056194219472e-01,4.541733728776813778e-02,-6.372878043193770659e-02,1.582406142724860354e-01,2.160796302118020984e-01,-3.865094509098237485e-01,-2.181479762781559639e-01
3.492313860043228524e-01,-9.819368710912014520e-02,-8.596117172748553303e-02,-2.770679827402078854e-01,2.169802511338875528e-01,-1.705892527020720917e-01,-6.822141911869722408e-02,-1.056382966212273677e-01,7.065496814241681300e-02,8.859783321082420615e-02
3.818440848935658605e-01,-1.983891017842329685e-01,-1.052461601642744188e-01,2.819908565703101513e-02,1.422992064914837262e-01,4.406216128711452212e-02,1.044088250586373140e-01,6.676441606096930603e-02,5.384221746995884045e-02,9.201714863547619250e-02
3.334775763535098858e-01,-4.488729183027266589e-02,2.981458271563463755e-03,-2.117106098885583251e-02,-1.971730687886969202e-01,-1.909083899054914157e-02,-5.764284928671234475e-04,-1.116861555488060376e-01,6.976793796695862637e-02,2.755781074903194683e-01
3.794967713940088916e-01,2.816018014139138465e-02,1.097680734693876059e-01,-4.218567448129079828e-02,1.178656688841651229e-01,-1.714023498284832359e-01,2.010018286927998943e-01,1.061104882560326701e-01,-5.251249150001392751e-02,1.879945788560240527e-01
3.517045088545416864e-01,3.581196959987159589e-02,-1.940807934732845519e-01,-2.466077444464209456e-01,5.580655130195223412e-01,8.132972888803360889e-02,-2.553984444701514617e-02,7.832906411318896200e-03,-2.511844766044488697e-01,-5.488568749060122876e-02
3.819064348624587324e-01,-1.601546058351098756e-01,9.119134842954321890e-03,-1.419031941079145764e-01,3.879921531078685953e-02,-2.194581505315993386e-01,1.807938449311780882e-01,-3.057916030600717552e-02,8.825844607767432959e-02,-2.537668023304616091e-02
2.345677992732145001e-01,1.432171651284784297e-01,7.768229309829839668e-02,2.307663092651981440e-01,2.825977199255258476e-01,8.707332729208822064e-02,-1.124635446135826139e-01,-5.782762427430005597e-02,4.021751245896369453e-01,-2.489596365109426890e-01
5.206394583567769407e-01,-2.157354319656894226e-02,-2.074124657844498287e-01,-2.885180405115206348e-01,2.113905957856550832e-01,7.799830879493085956e-02,-3.340148153670897957e-02,1.159620199466847579e-01,4.207908585490102715e-01,-4.389866042378237632e-02
5.848357320473621113e-02,-1.376539160021328090e-01,-2.300535784328266442e-01,5.002612325321902781e-02,4.092935016945151716e-01,1.355093392943437225e-01,1.318433696456665083e-01,4.405467732957277227e-02,1.407789789986647333e-01,1.545829699002558288e-01
-1.354987286697992843e-01,-6.492480359233315963e-03,6.880059102827525142e-02,2.380010962259644369e-01,-5.355386134865480069e-02,-1.714702645887096200e-01,-7.208623103648555130e-02,2.015409103448387307e-01,-2.856464534356171758e-01,-6.389462770623405286e-02
6.311152763854216419e-02,-3.944920240898978914e-02,3.629751579795013061e-01,1.999713661972378209e-01,-1.066011830157411050e-01,7.887256790095453080e-03,-1.967536948852398326e-03,-1.411593122560159119e-01,1.754587576257139042e-02,-3.024814253170897763e-02
-1.268710764166785521e-01,-6.216420613015517793e-02,-9.532441280702709518e-02,2.519397099814487187e-02,-6.094181462743556571e-02,-1.776591884063521976e-01,2.221753930076772188e-01,5.517677638151986114e-02,1.832931137885332740e-01,-4.331296121379045183e-01
-2.782122547396250201e-01,1.713483709470507710e-02,1.002499248698196649e-01,1.930622532015227599e-01,6.299536740457357953e-02,-2.615451418695566299e-01,1.945133775961116196e-01,1.396533715782073970e-01,-3.612388037517366701e-02,3.745533218594504499e-02
4.933902656915847840e-01,1.521737302913715728e-01,3.488026950355738870e-02,3.746793738885585423e-01,-6.204559674932862839e-02,-1.995125000272401361e-01,-3.153076899855002113e-02,1.752057973055019535e-01,-2.494877368410177709e-01,-1.315630021500082680e-01
3.792241451440882538e-01,1.304164154320057402e-03,6.648626581190276996e-02,3.374746929637594817e-01,-5.158484958423227296e-01,-5.187698807782253549e-03,-8.667586384800118546e-03,5.441235041636423991e-02,-5.247035103359971586e-01,5.140793413420015057e-01
2.651096432964446525e-01,-1.148129244336776045e-01,-3.283596534992795357e-01,4.863014811497001211e-01,1.615530661251997346e-01,2.148006172790864563e-03,9.745996139532996094e-02,-9.847367986715119259e-02,-6.162445840831243249e-01,1.520447992195168574e-01
-3.594052221357624255e-02,-1.176981669248760853e-01,-5.145906459218115847e-01,3.489395844921870937e-01,-2.642695369762291732e-02,1.222237386486269561e-01,-7.677880677807645549e-02,3.392946773644133635e-02,-5.967730748073820646e-01,-9.873591284774635435e-02
9.992043719506983612e-02,2.018531695600504772e-02,-3.082521929921174797e-01,-6.221973274447562680e-02,4.810909781295564375e-02,-1.846991554098419419e-01,1.338238047306532751e-02,-1.116648183573374642e-01,2.827547913050674350e-02,2.027398073586315075e-01
8.885113044721469622e-03,1.206903526854859604e-01,-2.071018488327139861e-01,-4.542451360260294987e-03,4.260956546539875767e-01,-1.449638895207315814e-01,2.006805398000387902e-02,-1.216739639333710987e-01,-1.135078985360989806e-01,3.253461776709259956e-02
2.166266457699943804e-01,1.193534103243114458e-01,2.083341784459455392e-01,4.888444268968820255e-02,4.123837550821775055e-01,-2.362987914491730401e-01,2.525904969850008286e-02,1.866222628831757102e-01,-4.644956214630669433e-01,2.744720339283242549e-01
7.074887264463686209e-01,-3.494763752766469334e-02,2.322457897235249979e-01,2.633308153134239840e-02,2.531135058464690779e-01,3.271839625884804398e-02,1.577325476677519100e-01,-5.534826961634212866e-02,-2.883525521156722893e-01,-1.962401467464697236e-01
6.368628159223096441e-01,1.504507109093359274e-01,-1.802141407080857793e-01,1.972005112839068652e-01,-7.171294959209011111e-02,-1.267659050589907133e-01,5.912611011940663297e-02,2.515555458898035071e-02,1.967186594499096552e-01,1.490905432307031986e-01
4.682639882992389313e-01,-9.150671399792230376e-02,3.014549669156465495e-01,6.240136888475183302e-02,-1.501323083722098384e-01,-8.895653695146296669e-02,1.290394961615848324e-01,2.602273788214762851e-01,1.738465788003476786e-01,-1.686471639188411586e-01
1.296815226843197888e-01,4.181910245105958240e-02,2.476533060179334222e-01,-4.047698323582778895e-02,-2.688431849397543427e-01,-8.034366187606351017e-02,-5.133570025801910408e-02,-7.882293924428498966e-02,1.086533644125119505e-02,-1.043483073077504097e-01
3.743186728636652139e-01,-3.803150874764608946e-02,1.607735018703640439e-01,3.857412898550832692e-01,4.079786203485286783e-02,-5.139165181654069964e-02,1.632033996947553078e-01,1.533534735133753046e-01,-4.641456576700725423e-02,-1.596910507400011170e-01
2.499875786411506484e-01,1.252032851470411545e-01,-1.202113645737925562e-01,3.879151539079518374e-01,2.317396098273018581e-02,1.767508516171891267e-02,9.342191591699801692e-03,6.501272962794246713e-02,1.795911644972772725e-01,-1.098763362905548491e-01
3.770446098933222800e-01,3.820034628794406750e-02,-1.918026427388108135e-01,2.669710959414401952e-01,-6.015889618462049587e-02,7.178699998594554460e-03,-1.378214285512948355e-02,-1.258833938297987398e-01,-1.766292437566585605e-02,-5.704960850992256416e-02
1.883934436936230972e-01,-2.830127780199805793e-02,1.641672264021964422e-01,3.441828530834986632e-01,-1.942890686177199122e-01,1.609537719948461176e-01,-9.603483911510342363e-02,7.349918401931851419e-02,8.932274449524912896e-02,-3.138262168879847880e-01
1.826560889238568186e-01,-1.348348146896936016e-02,-1.231067961528398702e-01,8.966401673006980932e-02,1.152856391201046021e-01,-1.792252086734983374e-01,1.357408109984503120e-01,2.108488033059783828e-01,8.939549405517938085e-02,-2.887815118556031346e-01
9.199138594385268541e-02,1.775980666228897942e-01,7.728628456420659487e-02,2.721216794220326918e-01,-2.202181822652002630e-01,6.495369652015520190e-02,8.343278731241542123e-02,-8.987656872216709392e-02,8.137765537269978089e-02,1.331470837637336868e-01
7.352174549122071356e-01,1.015270226325431374e-01,-7.145836056661484248e-01,-3.552274637956754494e-02,-3.227779238797395811e-01,1.750640347959415283e-02,1.732146448220660273e-02,-2.161099560316710189e-01,-3.432619454349510879e-01,3.430378791602652355e-01
5.129913309740775640e-01,-1.954228237436980153e-01,-3.042965371664883012e-01,3.991146176819881930e-01,1.197427245155390091e-01,-1.094771820139704144e-01,-2.544585453807449160e-02,5.512240124294318783e-02,-6.222145235429730192e-01,3.751672984732795091e-01
6.645428441890092186e-01,8.025387517494191048e-02,-1.656736827065533602e-01,2.023470229295602774e-01,4.528656953657344978e-04,1.288387397437718573e-01,-1.050177115267268563e-01,2.435259657447285675e-01,-5.758373662174008922e-01,6.856117707013292817e-02
-1.287045963457169803e-02,1.722126922498191659e-01,1.339557858485062314e-01,4.867369769527397222e-02,-4.471240710427051152e-02,1.159241452026726210e-01,1.084476848811097155e-01,8.108804556481336023e-02,-1.489070499257811042e-01,2.039450343899412363e-02
4.834147160406723764e-02,2.101897946142394780e-02,2.323104589709226175e-01,-1.651588131021316519e-01,1.838972811925002337e-01,-1.429104243529454032e-01,-9.142271082442317287e-02,-3.120791336513450975e-02,6.346328295947470388e-02,-1.605033527678866312e-01
2.861479207798098279e-01,-1.081726709859335556e-01,3.455115489543667540e-01,-1.899177279219866898e-01,1.907562317037079513e-01,-1.539838501029623941e-01,1.714417271507698015e-01,2.920163147621563371e-01,-1.367307478043341684e-01,-1.375313245450943689e-01
4.739257873422497158e-01,5.501889864994326642e-04,2.016538255070960406e-01,-1.496458941514800358e-03,2.181498910364651211e-01,-3.270187970677746608e-02,1.510404938886124593e-01,-2.291235788492113762e-02,-2.455782971381985091e-01,-3.719074166173499951e-01
3.723370410197340274e-01,1.849174885675959890e-01,5.550636971451380353e-01,1.960115923716824193e-01,2.096316135781820800e-01,-2.684993368606935493e-01,2.529795896563249991e-01,1.524303392192521422e-01,5.678832458314318071e-02,1.972414600975683219e-01
2.923907781063460054e-01,1.110045962217644927e-01,9.990744298728420070e-01,1.686070771231125698e-01,-1.625419026097369157e-01,-3.985563055785655562e-02,-1.320644169017351488e-01,2.853880570306697728e-01,-8.330070538757358700e-02,-2.922714894795569104e-02
2.000687341802397934e-01,-1.200874253433902306e-01,9.615316566106253682e-02,2.539859965795119301e-01,-7.966960598596810328e-02,-1.723971386225982561e-01,-1.311293326127896119e-01,-1.161943745549650076e-01,4.589163440739075228e-01,-2.371216565715493774e-01
2.327595270903453639e-01,1.532341166604621052e-01,4.579952867651947424e-01,1.707391665598990138e-01,1.790225012470964688e-02,2.119813018119888481e-02,1.332669418299436415e-01,7.815464395543135837e-03,-1.611378815107239182e-01,-2.661667316007704787e-01
3.474818779746505215e-01,-3.070789050168968443e-02,1.347830056305752700e-01,2.194710119698940476e-01,-1.702424394368320659e-01,7.412192104212653870e-03,1.714154745278075043e-01,-1.183121791687414270e-01,3.494236766291400342e-01,-2.100356557681662406e-01
-1.725984586432848522e-01,6.243838523945634961e-02,5.141503708355207314e-01,1.655950593106857438e-01,-1.819724566503146679e-01,-2.073887095247207712e-01,9.862014930918226729e-02,-8.051856408209362437e-02,1.327872550957321096e-01,-2.020392156516846449e-01
1.325604945485115427e-01,1.486993711670185903e-01,1.471236131999982266e-01,4.332342274178215824e-01,-2.853666565893177021e-01,6.485739048986331745e-02,1.791330981124640565e-01,2.098881637470614292e-01,-9.185499286412842843e-03,-3.202014531554001064e-02
-8.435195624400788905e-02,2.017312719942659233e-02,2.003035351860463220e-01,1.393374953480910339e-01,1.715929575920133454e-01,1.313771775762971605e-02,7.913783155555244309e-02,3.499919810393023467e-02,3.690618285189307124e-01,-2.466058596365536815e-01
1.517280951940499500e-01,8.467479847198146337e-02,-5.507778632328462765e-01,2.865754574561572010e-01,-3.115608305176758436e-02,1.109864337579776761e-01,1.456755317437395392e-01,1.431878113512632389e-01,-6.414602167584781967e-01,2.368747120195555111e-01
3.693706899174091229e-01,1.338265611479914630e-01,-4.908911179832875504e-01,1.048690112539620717e-01,-9.637295646642839164e-02,-1.675023061195989316e-01,1.134868265249628777e-01,1.311794131652947726e-01,-8.230259224893803072e-02,5.222940771507340596e-01
3.490139318022555392e-01,-1.284885983396507059e-01,-4.157950582319394073e-01,2.997554813253898720e-01,2.184216063514557160e-01,-2.393518751784832338e-02,-1.788571384803052527e-02,1.827856936082115635e-01,-1.992882465436536521e-01,7.278384883941083072e-02
3.258599829677484849e-01,-2.118647150979071636e-01,-3.176690229955732026e-01,2.462579639106794449e-01,-1.872170804047740000e-01,-2.381066603341545351e-01,1.748148853218151888e-01,1.316705406388469501e-01,-2.323298591254687462e-01,6.067442785503332492e-02
3.752874607025302178e-01,2.002002432830530254e-01,2.086812949960758015e-02,-3.529398591970766413e-02,1.857717551271740597e-01,-1.126876835240067792e-01,4.321463616217466330e-02,1.051378840585120988e-01,-2.997045995242896832e-01,1.265124015715299033e-01
3.588781401929976300e-01,2.295796284778497398e-01,4.712355960387413362e-02,2.111962738630757674e-01,1.730571305665012105e-01,-1.575928133097555528e-01,3.725013895225227911e-02,-6.773726885605868553e-02,-3.440977451639976592e-01,1.623210552243644078e-01
6.813732424795014564e-02,9.289176188212146246e-02,-1.511456049038533145e-01,-7.364031165265901707e-03,2.004333885091750533e-01,1.015834619110148607e-01,1.460217566405956346e-01,5.216920977006895416e-02,-3.401896843855010677e-01,-1.962277810921937427e-01
-2.903138343969153268e-01,4.104301947891171587e-02,-3.783190654339800840e-01,1.517827122855172350e-01,3.106804561133723608e-01,-2.533394741083097035e-01,9.204645067331405917e-02,-6.298538523090220671e-03,-3.883857895697174212e-01,-2.780059840646101343e-01
-1.849540539584487164e-01,6.204991567347238612e-02,-1.619642922286118059e-01,3.188545198700067917e-01,7.631175119125181705e-02,1.185703287283059737e-01,1.613768652755525612e-01,-6.729138374308921144e-02,-2.230224376199609615e-01,-2.303840964134086233e-01
-1.348220823701230253e-01,1.614552842918782483e-01,1.685665948367449096e-01,1.115883299536959555e-01,8.376806485128880653e-02,-2.266905839963721525e-01,5.842419642980747896e-02,-7.116229436518245466e-02,-2.938027065658015968e-01,-1.309683544293417656e-01
6.856996939641911426e-02,-8.620037635603476633e-02,3.976689554416198286e-02,3.161863245823227087e-01,-1.649855652744129653e-01,-5.716428757364811451e-03,6.389908938525147575e-02,-1.019921603359598937e-02,-5.354074239508212901e-02,9.156139431708562593e-02
2.090547421273951101e-01,1.872509422005697588e-01,-2.470433911927036874e-01,4.828733850758509805e-01,1.688825733615415825e-01,-1.490260370073848706e-01,1.525540390824339509e-01,1.781775803359068044e-01,-2.959818404008691256e-02,-9.314505450378257612e-02
-2.527797899104652912e-01,3.768187455486048110e-02,4.590740620580178177e-01,-2.743221613925981295e-01,1.097689301083783348e-01,-5.446997553574162848e-02,-1.019094434153752921e-01,-1.255136229838721244e-02,3.494273203247966753e-01,1.803485486407611083e-01
2.122053027657547219e-01,-9.357322914601781672e-02,3.869050775701755596e-01,4.531673441725794088e-02,-1.125970037130062246e-01,-1.625886632459536685e-01,-9.281451723577040236e-02,-4.169171194928314450e-02,4.415873206172062360e-01,7.252618999343979356e-02
-2.214111483356042132e-01,-1.781739262390528858e-03,1.545576078629637418e-01,-5.654676279815674250e-02,-2.748346214775603258e-01,3.475946710961028922e-03,-1.581051146348061709e-01,-1.410505931017934367e-01,-6.705731587526227166e-02,1.935760436194526868e-01
4.506423473872342433e-02,1.370825689659040669e-01,-3.300441213700368026e-01,-1.628532501234550567e-01,-2.455073039837186999e-01,-1.390974531490865029e-01,-3.443795792428841485e-02,9.865930668450281771e-02,2.816896231591198840e-01,5.005045926475851226e-02
-2.640065135751870629e-01,3.682454548947673711e-02,-5.808962535175031805e-01,2.363038283851522092e-01,1.890573072290440970e-01,2.315650985996127453e-02,1.795577916818811015e-01,2.329740940731434562e-01,-6.526451042203831321e-01,8.009609522330001299e-03
-1.869748599568866743e-01,1.722274645362890100e-01,1.123472292145190760e-01,8.990381534089821047e-02,-1.587540360434874509e-01,-1.118001671650557804e-01,1.570743139713371705e-01,1.564905922987116227e-01,3.642779036584912339e-02,-1.189911313134821569e-01
-8.296695334219679474e-02,-6.320900389136198394e-02,-6.281055615310193740e-02,2.258319391059445125e-01,1.419396704321423675e-01,1.254987652105011287e-01,-1.395833935192081210e-01,-7.120833246118912774e-02,-2.526215933841872707e-01,-2.424902047647181647e-01
2.656232586250795724e-01,4.502999840234975931e-02,-5.867369257976989827e-01,3.426880025888757314e-02,1.388579137713914224e-01,-1.360366207329238020e-01,8.348535178819425917e-02,9.731221001000114890e-02,-1.415629898127578612e-01,2.642576716186232910e-01
7.227764728957465634e-02,7.906546858835861169e-02,-6.632726113254513445e-01,1.158837667181889380e-01,1.264529110982458848e-01,-1.464393725517267320e-01,7.435611741814121545e-02,-9.922759564782510089e-02,-2.501940363898476072e-01,1.708070671134229168e-01
-4.972864111963358480e-02,9.783730406761402543e-02,-7.304308255542387718e-01,-1.272990087962015404e-01,1.463208507494203892e-01,2.265592458073566878e-02,1.756699429345629226e-01,2.588179769620919668e-01,1.126097082208589728e-01,1.558788585874985649e-03
-2.093913645275386759e-01,7.597081034280767087e-02,-1.652103060593820838e-01,-2.889185814414373457e-02,2.083954102181942714e-01,-1.012525395821420662e-02,-1.224692296192395613e-01,1.073835338990260235e-01,-1.237651923959041389e-01,4.220416121632145079e-01
-5.550468864910423905e-01,1.338965407834042665e-01,-2.320313888018332438e-01,-1.008718315002753024e-01,7.292037986829967566e-02,1.738910878255470541e-02,1.914487851893538484e-01,1.323208461954531179e-01,-2.346850068860918681e-01,2.384986445483460241e-02
-3.803047263802711853e-01,8.621371218850716611e-02,-1.212143687994809288e-01,1.271142690808925724e-01,2.015756788371098895e-01,-1.574507733914707330e-01,1.568769834391077478e-01,7.602064633836708163e-02,-2.336654953208205654e-01,-1.245426950594649140e-01
-2.773440245871074405e-01,1.365518650187951821e-01,6.049690221338033941e-02,3.273561788899095326e-01,7.917022611022640766e-02,-2.658586155168157078e-02,6.648906341103723305e-02,1.251920167696361774e-01,-4.117892894803635850e-01,3.615519043166304791e-01
-9.308142805325091140e-02,1.582812415277398037e-03,-5.232112798571845330e-02,-6.163529918106395653e-03,-4.769863619960150111e-03,1.058983522278900691e-01,-1.981887841707143105e-02,-8.973263651041607503e-02,-3.375325215091215525e-01,1.646251084581468738e-01
-1.014013288461441814e-01,7.563122462141540214e-02,2.574713290288890288e-01,3.389312277592219091e-01,4.504846379033412562e-01,2.088011795198399523e-01,1.172673800445392100e-01,1.902114686718630043e-01,-1.094076754997798245e-01,1.020543038047788953e-01
-2.759684337811983412e-01,-6.775177782643050650e-02,6.774842488935445273e-01,-2.522188842700468503e-01,-1.107757203220366554e-01,-1.487796506917029582e-01,7.705385409067157243e-02,1.494389119120797527e-01,-1.131834295207005264e-01,2.369181056925285245e-01
-1.212350295117665261e-01,-9.240233020483202414e-03,3.710680821779087368e-02,-2.151010449179085460e-01,1.864733753843368300e-02,-1.712636117440762273e-01,1.528494877047770484e-01,-4.300585852701957479e-02,-3.527728805622203923e-01,1.175719721919710747e-01
-4.237270169250115237e-01,1.687357852019320537e-01,1.152498905232004350e-01,-2.457159980854408191e-02,-9.973519417690636379e-02,-1.297726153962679707e-01,2.162584672147449816e-01,-3.720557557067060567e-02,3.602347065073664978e-01,1.372482758156353677e-01
1.079492515054845253e-01,5.274610799122609987e-03,3.805392294961580379e-01,-6.922382344619766592e-02,1.088333064572177961e-01,3.948158365387059027e-02,1.091783354544584167e-01,4.545346367764554335e-02,1.748276628904595620e-01,2.571624864051589854e-01
-6.593100699809185949e-02,4.362160078691021403e-02,-2.801469582784245071e-01,8.690664073522563760e-03,-1.909773413587588509e-01,1.154858314347744289e-02,-1.216033993021638088e-01,-1.059559880492899099e-02,-3.327578094751951210e-01,1.111305625575854106e-01
-2.837358611434828704e-01,1.462709943456622641e-01,-4.843183250865528144e-01,-3.634412756031796254e-01,-1.766990145580644989e-01,7.523484526859100519e-02,-1.120406714165733814e-01,-2.299962434340611928e-02,-1.403342776510337619e-01,-1.418590815250596049e-01
-4.628493873702121397e-01,1.118574286338987721e-02,-5.587676129994000318e-01,-8.023637300578610743e-02,-2.075601171943104728e-01,8.530653305144331178e-02,-2.634362605758696491e-02,-1.146449161883531243e-01,-4.312645351381328429e-01,-6.080996068693222956e-02
-1.253036985095278555e-01,-1.050786622636724482e-01,-3.718635015653602993e-01,-2.943913424604336360e-01,1.905365327181212376e-01,-9.056181529321996604e-02,1.108277471982017232e-01,1.548305165854023668e-01,-1.122783908866130387e-01,1.475109248778099236e-01
-4.977746331012078973e-01,1.373427898475517717e-01,-7.362806671407599868e-02,1.545574702662544098e-01,-6.079118126757514923e-02,-1.007892313833676223e-01,-1.132112510241348596e-01,1.116153035412852379e-01,-6.228740484016911244e-02,4.789782296485659008e-02
1.789004547733016870e-01,-6.308618131351949321e-02,-6.185443885660050212e-01,-1.287107492137491704e-01,-2.986695742908470827e-02,1.285064827502591933e-01,-2.386199650895145241e-01,-7.147796801280006940e-02,-2.274577310856212009e-01,-1.466142460634219380e-01
-1.437245030914660882e-01,-9.534058735952505304e-02,6.365699033969435261e-02,-1.197666844874907960e-01,1.079316415767308385e-01,5.900603102379350234e-02,9.274762720758290835e-02,-1.193557375184217950e-01,-2.725277451903123649e-01,3.085490492760739056e-01
-4.152559755002846464e-01,-2.732096389849895252e-02,-2.840871968299225614e-01,1.116826829101125046e-01,5.920631928243964143e-02,-6.061297512208613930e-02,5.074370109012836527e-02,3.960232722992322596e-02,-3.186378269253157813e-01,1.477987105577526772e-01
-2.419075922270716439e-02,-3.830248625195527973e-02,-1.131846573124930533e+00,3.702906331309063076e-02,-2.313884139719085409e-01,-3.781181462421160516e-02,-1.866803221028194570e-01,-2.355855116455267129e-01,3.101825533646701809e-03,4.479337007076589217e-02
-2.047401778728407534e-02,-2.092425023451767192e-03,-4.098506852077783424e-01,-6.182956778581101542e-02,-1.942515995659601924e-01,-1.080245133834989713e-01,3.726368269865432126e-02,9.125739330983601016e-02,-1.747651594009256570e-01,1.816436189011122471e-01
-3.961328195888628723e-01,1.345646330145650882e-01,-7.232199488051594960e-01,-2.567903791266674673e-01,1.352379151224257503e-01,2.563566143175559277e-03,1.595574868928900381e-01,1.380332982430270729e-02,-1.742776912505704934e-01,1.760648942633345482e-01
-4.617838106449816959e-01,-7.662943557054217869e-02,-1.786259436507525167e-01,-1.407849351927794798e-02,6.736503937613373683e-02,2.242529316002050618e-02,-1.737563261843275836e-02,-1.192834855013848727e-01,-4.293501222313889643e-01,-1.086867268300056311e-01
-4.913865196760298093e-01,5.255682518400158106e-03,-2.030950300756220739e-01,1.426140464326260959e-01,3.000837592676293131e-01,-3.426872733085454398e-02,-1.701616015860244746e-01,1.089394283578724587e-01,-2.310877454198957681e-01,1.581760011868360016e-01
-1.017221784604495499e-01,-2.098942898607033397e-02,5.524197257782136328e-01,6.035787620118705094e-02,1.092457205565146444e-01,-1.508966004745346257e-01,-3.491733477007240294e-02,1.552395218579984693e-01,-5.530100995469531266e-01,1.412236587677116462e-01
2.862997703937682492e-01,-1.434345356296206075e-01,6.608522620649691648e-01,4.074371385525201589e-02,2.531792341767802323e-01,8.770832184275961785e-02,8.968496161027707247e-02,-7.588805779848128985e-02,-1.765886236703022305e-01,5.539460287304867059e-01
-3.140061171582498312e-01,1.120687483013447089e-01,3.462957450664136960e-01,-1.999294956663211498e-01,6.596011329971344928e-02,-5.163531959191684090e-02,2.477644895119769652e-01,2.459174790850253145e-01,-3.351233788999311014e-02,3.856306417062624337e-01
-7.647073771228628525e-01,8.410073237596994711e-02,-1.658125937477775702e-01,-3.810623216229751947e-02,1.703568785475725600e-01,-4.222024255021200601e-02,2.023124002894095830e-01,1.423725961284081631e-01,-5.023952080127457032e-02,-3.957416606087280075e-01
-2.785123614442399087e-01,9.891079246216107068e-02,1.337020004700772702e-01,1.052169521908762409e-02,-1.381352239062402509e-01,-5.141941897318948879e-02,1.221377019702032524e-01,2.353825042636477349e-01,-3.938495706654011053e-01,9.368720005082725732e-02
-2.410543799136687926e-01,-1.784960400888730425e-01,-1.765296816428165161e-01,-2.067705380523736092e-01,3.216433660807362918e-04,-1.234644775579357839e-01,1.811186151468297256e-01,2.773818340306045960e-02,1.091053985344104388e-02,-2.166938350319726550e-02
-1.281186729006360547e-01,7.653359588247340972e-02,-8.470217357131432090e-01,3.373241910902739088e-02,-2.297724925144467856e-01,3.799104028293414509e-02,-1.774233326043871961e-01,2.852057278204369467e-02,1.346294538871290469e-01,-1.058737737230799891e-01
8.720385765460779426e-02,1.855728145042871424e-01,-2.685161334975267877e-01,5.380985590209126819e-03,-3.326342021240906721e-01,-2.926613862181031214e-02,1.687208430772401957e-01,7.252250503649379509e-02,1.220868307688302845e-01,3.079215320439355197e-01
8.131318466017731575e-03,1.225117877881709838e-01,-2.529795876096070373e-01,1.210476047772216929e-01,2.142269650431856964e-01,-6.484534861191606873e-03,-4.914649587116291796e-02,-1.239715971437739817e-01,-3.970825547376725662e-01,3.354561757630556973e-01
1.498129604260845654e-02,6.288522808626305360e-02,1.422709023787823990e-01,1.137707283726232671e-01,1.791742043294037023e-01,-9.733367593401467954e-02,1.515233742548793006e-01,9.515070446891971123e-02,-1.681220626441248533e-01,3.029121521688564189e-01
1.583527838328956383e-01,-5.250439893141754105e-02,-4.890476634924957322e-01,-7.605995281613424364e-02,8.044292175351976104e-02,-5.407880655996356173e-02,-1.016287292002283210e-01,-2.854874878673805544e-02,-1.055978120295977540e-01,-6.737335955246356867e-02
3.041820990954977044e-01,1.410215200330381877e-02,-7.808479546159982077e-01,-2.754360494937504455e-01,-1.658339909817632407e-01,-3.641891580743562146e-02,2.185208197599032010e-01,1.749922938929002192e-01,3.830028115246849052e-01,9.008526297665153670e-02
3.420609269476025394e-01,9.346912140481186682e-02,-4.491892855737039669e-01,9.777370463589797611e-02,-2.801567630338871462e-01,-1.726683624082487878e-01,-4.190012842012476313e-02,-9.437230257946810363e-02,1.312282498509107220e-01,-1.189687071438489119e-01
-4.178909405113913622e-01,2.295927631183248829e-01,-2.931747887813451747e-01,-9.508938793147507507e-02,-3.048493216676847473e-01,7.358652953988178980e-02,1.709890723376936705e-01,2.642009802898418469e-01,1.409306619354460943e-01,2.572885098283905769e-01
-4.713977111854572022e-01,7.910546169524999838e-02,-2.532642216195596374e-01,2.533668759271772153e-01,-7.636742917675241882e-02,3.344311414950518896e-02,-7.945742901706927264e-02,1.500320414083934906e-01,-3.030892198458161046e-01,1.373326469391143723e-01
-4.066667462951246148e-01,1.673006494032350799e-01,5.021156046637255121e-01,-7.675595427980354268e-02,-4.532507560719568201e-02,-1.509615048037317719e-01,-2.797030378068732920e-02,3.199024916783545225e-02,-2.615712883194069582e-01,2.050155188032770082e-01
-3.943068951224567020e-01,4.607649909581312819e-02,6.134507528959408651e-01,1.785053543022512568e-01,-9.204630742714035863e-02,-2.274361004954353893e-01,2.252182489334052240e-01,1.643595351690572415e-01,7.675994779007586089e-02,4.036075331628778684e-02
-7.252821550698765884e-01,-1.070014309363639254e-01,5.646606483166566326e-01,-1.451441621690285622e-01,-3.491016673953979410e-01,-1.400036741647853467e-01,4.314068225254061306e-02,2.169086731940881863e-01,2.668920027348563040e-01,2.804811733305105359e-01
-2.113054054769707424e-01,1.879699006482463131e-01,2.227099934557832950e-01,2.078398173823408149e-02,3.161225633070767760e-01,-3.164360990670317397e-01,1.489233758762910538e-02,-3.534320681208587972e-02,-1.647238622974745922e-02,7.444764985738009429e-04
