-9.283168199619769301e-02,5.490329697960063537e-01,1.330084679529183189e-01,3.583042489001605491e-01,-1.434336889574849561e-01,1.447129064973090296e-01,-1.976427404311579816e-01,4.004001439702460918e-01,-2.583254458692114675e-01,3.112457853206041514e-01
-2.070299913828964611e-01,2.170339167710313433e-01,1.595533475476909047e-01,3.034388318853186578e-02,-1.798342302902871948e-01,5.540903240050498377e-03,7.660947653466715357e-02,1.668015822886185009e-02,-1.512850846922643711e-01,2.150876946524347966e-01
-2.443380347555142162e-01,2.166240884124168709e-01,6.079550746034275560e-02,1.060406763553749937e-01,-2.883021693258430163e-01,4.433435249854035531e-02,-7.239832091789380475e-02,1.855077655138272774e-01,-3.398761491527131206e-03,3.060171507424010451e-01
-3.903514801995715544e-01,4.485947516096637777e-01,-1.106933027833301997e-01,1.855728891118701152e-01,-1.083723493387001441e-01,2.201902843456199077e-01,-1.717721258081133517e-01,7.040050148778737027e-02,-9.763447900835496227e-03,5.091242789056364959e-01
2.905075145594359851e-02,3.937430489659149435e-01,-2.340136127496811325e-01,-1.133451151632191983e-01,6.612272111421115157e-03,1.786650006666016394e-02,-2.923438524149415615e-02,-7.441785214700594783e-04,-7.863342328206625320e-02,2.054794928294464140e-01
-1.551231684563512681e-01,8.643452607075167993e-02,-5.358239949835183480e-02,3.050961726907439400e-02,-3.428585928518233517e-01,-1.511767762184233199e-01,-1.129249583680563274e-01,-1.024938667801726655e-01,-1.454426335955926186e-01,-1.195193901734562247e-01
7.044824411154766708e-02,-2.654731341098333086e-01,-1.771895845324272800e-01,-2.382689804525892074e-02,-3.686133032950900668e-01,8.932672656790201227e-02,4.989549644568547909e-02,5.477002610702266794e-02,4.927346998187291660e-02,2.031992871376323839e-01
-1.602127318156885694e-01,3.673393887460523616e-02,1.506799174653298268e-01,1.652101958997838904e-01,-9.962488778593167615e-03,-3.276629553289012869e-02,-1.286957539163118003e-01,-3.615920200590610478e-01,9.253913836311629393e-02,2.782282449489082987e-01
-2.827502530867480046e-01,-1.024298651522311393e-01,4.422857520071506177e-02,8.227379691263674716e-03,2.587926131958249998e-02,-6.128193651803298669e-02,-1.419922719310421910e-01,-2.539512364323674443e-01,-1.049613728586348133e-01,-3.988120991769307788e-01
-3.650998495641199354e-02,-9.624802130012118095e-02,6.304536181001652029e-02,-1.635318427543651365e-01,-2.207375064302019296e-01,-3.796529697369960266e-02,-3.980794529981917518e-01,1.140904771757496050e-01,1.210886012234714121e-01,-5.033578416992894322e-01
-2.553908455944615685e-01,1.225688088906490281e-01,-7.383805201173015975e-02,1.163724884460277526e-01,-1.381973699073246742e-01,-9.695298267376757650e-02,-2.200538063365767294e-01,-4.851266135686672747e-03,9.638846463709556389e-02,-4.055538199003909106e-01
-4.339768413142411907e-01,2.070151283613920201e-01,1.357771060728062973e-01,9.316116050809619686e-02,-2.214180382948417736e-01,-6.155261438863780799e-02,-8.226328796728760162e-02,-3.790672176153077610e-01,3.432419540164385798e-03,-5.037242076635206622e-01
-2.487321206693964004e-01,2.942847035534739142e-01,-1.277796058351134689e-01,-6.984037133634453387e-02,1.883077014046174724e-01,-9.111160801873711967e-02,2.272884905542676623e-02,-1.247611593631909876e-01,4.225327437681607179e-02,-5.612647463159436967e-01
9.381525249316950699e-02,3.858847924894063253e-01,-2.280241089730881687e-01,-1.039909906614709251e-01,-2.098109882243856805e-01,4.928255435296470532e-02,-1.445807070353775925e-02,-1.720876216634412426e-01,-5.238396384017020291e-02,-5.870702901997155998e-03
-1.873677080977910192e-01,3.473032983295636367e-01,-1.527948299941470078e-01,-1.342899852682275796e-01,-1.357249391446571640e-01,-3.294128345060762242e-02,1.036886976316047926e-01,-2.299404836746897496e-01,2.844872724002954836e-02,-5.105017757937682088e-01
-4.087005904692998515e-01,1.856715386489984909e-01,-9.671514374855341711e-02,2.415217007089571488e-01,7.257520194489307241e-02,-5.121670125478604329e-04,1.294122480954915666e-01,-1.159642499958708911e-01,-1.093704947140168166e-01,2.464231311204420349e-01
-2.347867917745730115e-01,5.715259250553206966e-02,-4.052188017021572664e-02,-2.356278505158771602e-02,-3.345442149161252376e-01,-2.496088451377537210e-02,-6.157331215950617720e-02,-3.845507380160431699e-01,-9.863336582487321202e-02,3.160195994343642512e-01
-2.755236685004519223e-02,3.267975267300161635e-01,1.422734210231652030e-01,2.232834995782548015e-01,-1.758849990776231442e-01,2.629537958330637748e-01,-9.534796380744145483e-02,-1.823226513653873060e-01,-1.470203885524913323e-01,3.082628914590232472e-01
5.094469150910597294e-02,3.455055485336155918e-01,-1.222421746362656880e-01,1.950407922502454816e-02,8.612198095165936318e-02,-9.841745897146388089e-02,-4.337302515775991879e-02,-6.147688992989985141e-02,1.825210329371657406e-02,-2.170338314606369001e-01
-3.686253510125301475e-02,3.348212470234556148e-01,-7.736877206154487222e-03,6.488973784462545580e-02,1.344442730553281062e-01,-9.810688364853233090e-02,-1.357929423539677716e-01,-6.614553164120134943e-02,-3.367374811639619464e-02,-9.830363417853293928e-02
-6.670075092080370027e-02,3.664909651935547297e-01,3.459425796094525163e-01,1.766097292503925401e-02,-1.872584660754276487e-01,2.067750422794686627e-01,6.672695069754568109e-02,-1.060280150959916345e-01,-4.970457015006192469e-02,1.634900485801167591e-01
-7.083623872332664440e-02,7.231307268184249126e-02,-1.291515268234071263e-02,-4.506263167705121947e-02,-9.893585640076001109e-02,4.271936568355878816e-02,-1.898819448560084555e-01,8.282583145301965211e-02,3.448872195228763760e-02,1.349718296386392125e-01
-2.112886058858963745e-01,7.314196266216398123e-02,9.788027325042916726e-02,1.803556252938009197e-01,-6.849649917766567619e-02,-1.572523935318617949e-01,6.952360206957949873e-02,-1.333041121217803104e-01,-2.402451742270548807e-01,6.836023987863179552e-02
-3.016406155851823478e-01,2.783979846248201828e-01,-2.233385451378981368e-01,1.887372502802836249e-01,-3.194896194994903404e-01,6.477743646937549060e-02,1.410046954283354359e-01,-7.375511851874701208e-02,3.158652848535059999e-03,-1.468354310133437590e-01
1.274967154967936445e-01,2.602856218640626773e-01,5.517075527201802804e-02,1.854209483002162429e-01,-7.849401857285116801e-03,1.283450285680333702e-01,-1.112513685227725646e-01,-4.542133405195425411e-02,-4.271086678560019612e-02,-1.157470737333458725e-02
-8.584115576964619632e-02,2.617875673722835361e-01,1.603071387751549559e-01,1.595336516620399492e-01,-4.322433308894301773e-01,-1.257644107161245139e-01,-1.478667092816426387e-01,-4.521833354154874418e-01,7.821632788836717365e-02,-7.691692345287967636e-02
-1.987878801571126841e-01,2.829527646155922671e-01,1.361316639235759796e-01,1.038281333430276197e-02,4.188307548368251643e-02,-1.525036424117895417e-02,-5.934449278383249066e-02,-3.794292805281846426e-01,6.153897949821397761e-02,-2.555095915284969488e-01
-3.752066217550782401e-01,3.056116891755250586e-01,1.294222323147009301e-01,-5.932986185022750408e-02,1.679864921725281734e-01,9.855302679331907900e-02,3.294507357628758543e-02,-2.531441743190221971e-01,-1.204661975703280319e-01,-2.784717204985412420e-01
-6.882811113197055686e-02,1.264545807734395733e-01,-3.716610424927370149e-01,1.601601013143187091e-01,-1.090825093126223527e-01,1.069050327777313208e-01,2.023617606948556816e-02,-3.650065555671557216e-01,5.224023566012288289e-02,9.432135622706408484e-02
-2.086916020196088462e-01,3.835665482717658392e-01,1.431194334465034079e-01,3.705174312119998564e-02,4.735508318938345951e-02,5.793533778313159077e-02,1.849663068117175513e-01,6.002941934443228877e-02,-4.379243321395830113e-02,6.588063850177761083e-02
1.502061103648231200e-01,-6.855315073234745371e-02,-1.803854249299544632e-01,1.600797947227032003e-01,-9.946205872430256834e-02,1.313865617443487135e-02,-1.290067928900555105e-01,1.558235988633021318e-01,2.065400149010681793e-02,1.258630823970798007e-01
-2.549269999780058860e-01,1.480813840025164800e-02,-9.475558776611223144e-02,1.846976749664655804e-01,-3.136965244157678412e-01,-4.309374601865081575e-03,-2.108294097316043003e-01,-1.306240646289902052e-01,-9.496818327319676845e-02,-8.344584130589774440e-02
4.997074381374310148e-01,2.767548650992706083e-01,9.875695329646222431e-02,2.305464386752482941e-01,-1.215041963235582653e-02,2.174849266799079028e-01,1.518764862609490174e-01,1.871755839410673972e-01,-9.515953003972908719e-02,3.756157238561946277e-01
1.731282976004917514e-03,-5.256293619956250301e-02,-1.292240552536551464e-02,-6.398853202128491902e-02,-3.140277002667575534e-02,-8.941622845385273355e-02,-1.674592328721293683e-02,-2.891765669443842075e-03,-2.721286000530977536e-02,-8.242604635895744991e-02
-1.717444248373177218e-01,-1.124378289241661361e-01,1.432236325016579721e-02,1.050368067584042525e-01,1.814069957744170181e-02,1.855322825725874980e-01,6.814648746534435197e-02,2.984045774200793644e-01,-9.548670610879718412e-02,3.779858499561206727e-03
5.218882451387502758e-02,-3.767255288347714365e-02,-2.817695594690037067e-02,-8.678408351956176658e-02,-6.078472889172695931e-02,1.417459194235815290e-01,-8.480755807970069560e-02,3.741773724193792616e-01,-6.743953669583704034e-03,-2.261268378869808193e-01
-7.327531795911056134e-02,3.964292382759641020e-01,1.223844538363294543e-01,-1.185669562448870146e-01,-1.003933530700725080e-01,-1.006494544049927747e-01,-1.491905675741649340e-01,-8.685034738687370803e-02,-2.280038937199491828e-02,-1.288201451023043287e-01
-1.984069396577546260e-02,4.327395021622796462e-02,3.480755025664644675e-01,4.812170342370045845e-02,-8.552491288701065397e-02,1.199751099602988230e-01,-2.822088838124160726e-02,-1.927295677910492999e-01,-2.248717767566617010e-01,6.328520318337252371e-02
-5.721972820615343208e-02,9.580840779640296956e-02,-1.109625123496189025e-01,3.919625776147340340e-02,-2.158704952255634246e-02,2.078101786413720509e-01,5.514366550358359292e-02,3.183546284282534056e-01,-2.984342702860788218e-02,-2.232126109831500116e-01
-8.550687289201223951e-02,-3.161531507053002427e-02,-1.025296012149732594e-01,5.164006928359759357e-02,-2.151425531087049758e-01,-1.261800863621053981e-01,8.662024451259600633e-02,1.982596042253507995e-01,-1.568555545977057264e-01,1.371453906105594422e-01
1.800576036398346957e-01,-1.876129220331776981e-01,1.377632007030643868e-01,1.671486625317293029e-01,-2.497163758312280213e-01,-8.389517530800758363e-03,-1.700404246341296610e-01,-4.084686603453748475e-03,-1.524384587669720403e-01,-2.119630304998985915e-01
3.390958246648597685e-01,-4.657898983431098955e-02,1.356892737083495171e-01,3.726252398103218483e-02,-1.791209824243955029e-01,-3.938944146523289114e-02,-1.299788104630186236e-01,-4.478867260869175138e-02,-2.158964845932064835e-01,1.897200859400799688e-01
5.230223960153639745e-02,5.950777286199924326e-02,3.539946525626571500e-02,-7.314503098724839392e-02,2.217766137223750322e-01,1.815822842708746665e-01,-2.290201515650688302e-01,3.575447958610825094e-02,2.350953581750426027e-02,1.808076450467199503e-01
-1.302166763678443660e-02,-2.318931636005796756e-02,-9.253202552753836407e-02,2.476229326216044802e-01,3.894079082726122354e-01,-2.813366412008798043e-02,-2.847146289243013828e-01,-7.511060558660465070e-02,-1.323900046941037245e-01,-3.142568881039193435e-02
4.767272661183322713e-01,-4.621132580839171222e-01,-9.125503098005599556e-02,5.667306668756631055e-02,-7.352296930835684752e-02,-7.147169773417132166e-02,-2.693643256372688088e-01,2.224080345003493220e-01,8.979260995576045234e-02,-5.597357939767867024e-02
1.907893662336059837e-01,-1.770552651348050385e-02,-1.101755477882664092e-01,-3.090152977377062099e-02,-1.444160180497098545e-01,-1.518475545784179481e-01,-1.916703783680456796e-01,-1.723502848117621500e-01,1.201289230095186483e-01,2.974438208562567021e-01
1.262755877843158882e-02,-1.489499992683033791e-01,-8.215290292050067555e-02,1.060946348488294722e-01,1.750301648258997811e-02,1.199684866439434811e-01,-2.495905563620441081e-01,1.911712417328180480e-01,1.116270829296805850e-01,1.174984358276562613e-01
-4.465854212396926787e-02,-1.085983113382569393e-01,1.003214138870233418e-01,-3.912177199891907903e-02,-2.814814638024231708e-01,1.196707757259013044e-01,2.260378819053271079e-02,-2.092061158992391257e-01,-2.612192615713399002e-02,-2.175259281632515307e-01
1.713688445755442435e-01,1.070868837119502842e-01,2.403813712328708441e-01,1.186635132974432072e-01,-5.265292510509873847e-02,1.514351097994431627e-01,2.603242469259555159e-01,-1.075905067273422028e-01,-1.644055701849512774e-01,-9.294492217854358196e-02
7.455595514007896940e-02,6.990540428866369449e-02,3.784289201018038729e-02,9.849461585483046400e-02,-7.003805678112572097e-02,1.639795509025096243e-01,-1.134918723447974065e-01,-2.427597021111992104e-01,-2.315548392878080328e-02,-5.171536032205619193e-01
-1.679272529403295078e-01,-3.038454783100128301e-02,-1.620733777965555067e-01,-7.964332796409946680e-02,-8.262674034593896211e-02,-2.613546867564922258e-02,-1.704273713637452503e-01,-2.431319356539599352e-01,-7.737027054220600719e-02,-2.675521613115219854e-01
-2.854312065415717248e-01,-8.399631096719782641e-02,2.711890705105113666e-02,-6.774187271977467895e-02,-3.367131534639656310e-01,-1.331152706662220297e-01,-1.269299200264358343e-02,2.999153358030496111e-02,1.283163632358532424e-01,-2.961342782699401543e-01
-1.363391395895594826e-01,1.951768098991543132e-01,-1.463782294767940750e-01,1.364576118259698545e-01,6.308605919525604733e-02,1.527767065215093478e-01,5.249091611249460249e-02,-4.977519984303118705e-01,2.218655945258275058e-02,-2.557741647154829212e-01
9.307447534702995365e-03,1.701049129372385060e-01,9.147691185967727658e-04,-5.922571586738433619e-02,2.075119665353389320e-01,1.286355740866175212e-01,-8.019934385832527823e-02,2.564831952732088971e-01,-2.521022697353175190e-01,1.695746422596912939e-01
2.050473023942446793e-01,-5.455878742075307569e-02,1.403437176868415626e-01,1.543246606745099225e-01,1.072556011400372239e-01,-5.353732817093052876e-02,-1.502520586112154333e-01,2.510901395156769356e-01,2.188779967689595193e-02,-9.995306080032403950e-02
-8.260642609058908847e-02,6.589328979782475837e-03,1.237368339551400132e-01,-1.933325172695437438e-02,5.034932531849317661e-02,9.169711618516289409e-02,-2.937451447510430191e-01,1.298827161482956349e-01,-1.091658024512928288e-01,1.515011295746001296e-01
3.349629396494276795e-02,2.464806686545034653e-01,8.492240955397804131e-03,2.147425380529763006e-01,1.805187616415947771e-01,-5.867076660255591235e-03,-1.659154279123719600e-01,2.016382699963250313e-01,-1.254457725273914505e-02,1.492991929002843443e-01
1.599803890222077363e-01,2.823605168931573109e-02,3.016067079799039652e-01,2.536099974547063596e-01,1.842174495019431590e-02,1.016178237744833415e-02,-1.194367548802749701e-01,4.193700628784690632e-01,-3.188108941661611101e-02,5.231477361069820642e-01
3.308908647881263487e-01,-6.404226558295197241e-03,1.216375188434062060e-01,3.106515054665594244e-02,-1.493465914358668434e-01,2.638631740534810519e-02,-2.880556240138663626e-01,-1.684922868921839567e-01,-1.829939064323669595e-01,3.347488092539170901e-01
2.736067104455823240e-01,2.808370751139130927e-01,4.204186790452391076e-02,4.265498213486659286e-03,-8.358857962568736659e-04,-1.492161596987592181e-02,-3.366702210311142002e-02,6.147992953309200370e-01,1.175605503348015335e-01,5.325173472993869339e-01
2.856698370092222161e-01,-1.581687222135656490e-01,-1.253614277383968412e-01,-2.515484104589632217e-02,5.638238487676129618e-02,1.838194958741665441e-01,-2.098761645119063823e-01,4.005171441134425803e-01,-1.772253338019017521e-01,2.823258329867475713e-01
3.593920018267936500e-01,-1.065245093395782022e-01,2.900764913357446462e-01,5.151111373488407447e-02,1.539812844424269522e-01,-9.240644889194814249e-02,-4.976562353954994827e-02,2.242009930745801072e-01,-1.650363400883168574e-01,7.669772171561414775e-02
-1.673686276828754149e-01,-2.221666037830628548e-01,2.138430912006394902e-01,5.413226878472984088e-02,-8.617397682710963014e-02,-8.146611055151427305e-02,-5.880514768664644176e-01,9.262580393719967164e-02,-3.605913708482769153e-02,-1.432294317263843771e-02
1.367012674880906664e-01,-3.302102007224705371e-01,4.841503247345180228e-02,1.720021407543005643e-01,-3.610679142434713995e-02,2.598751199106653087e-01,-4.346312228039415637e-01,5.605210254690683180e-02,-2.844783649911701295e-01,3.254272068773466642e-01
-1.252650588339085658e-01,-9.764224668179037614e-02,1.925080212286042758e-01,2.077665319330669613e-01,8.217632865064132541e-02,1.982369347407889337e-01,-2.389228427851021810e-02,-7.452301399105766555e-02,-1.790248599193743906e-01,-4.755430721528002697e-02
-1.516593356177813323e-01,-1.770381050471630524e-01,-8.172868433336467203e-03,-1.072507569855783195e-02,1.274449132283018982e-01,-1.917220319060981837e-01,6.324706337788363331e-02,-1.466957617901741562e-01,1.052944093137205134e-01,-5.805647676639789090e-01
-4.535074052923861870e-02,-1.639882266250882181e-01,-2.820818160286608922e-01,-1.383884326319831104e-01,-1.100493824263733406e-01,1.742653768942337422e-01,-1.394730144146012485e-01,-1.221213905246615467e-01,-7.165985170523912762e-02,-3.637913410721346774e-01
1.641102964855686297e-01,-1.915476682125096808e-01,-3.518989328415524087e-02,-6.483869171283118682e-02,-3.700486753955131627e-03,2.073070333636395091e-01,8.349630012682771052e-02,1.966216907285864013e-01,-9.550167063580496107e-02,-2.759387675615943558e-01
-5.235449797887009593e-01,2.914756318557299927e-02,-2.571024884827677326e-01,-6.007113120078817758e-02,4.476704870556448557e-02,1.280571060901080083e-01,-1.069635969159324351e-01,-1.436663122058514375e-01,-4.809687126559299142e-02,-5.206781123989624449e-01
1.635764076954846491e-01,-2.352750842422598673e-02,-2.107253348879846166e-01,5.930024405190733455e-02,-1.165568970193299886e-01,-4.183848495448075355e-02,-9.156971021667736910e-02,-1.266449142134970784e-01,-6.335581628220285366e-02,-9.445478289765624202e-02
-5.273732534955496293e-02,-2.365439219039820462e-01,-1.250158838281602569e-01,1.960629002319493608e-01,1.675567954997184417e-01,1.593792515138209021e-01,-2.262877853549623008e-01,9.984161979812621046e-02,2.761021160766902183e-04,-3.733676507002984812e-01
4.214218030586373148e-02,-2.067151410458497596e-01,-2.167030205304476542e-01,1.398231562861505239e-01,-1.675901388037958906e-01,2.335976145672803705e-01,-1.181739412489064001e-01,-2.562339406405851339e-01,-6.933835993928784414e-02,-5.955425386576914532e-02
-1.508093161815068362e-01,-4.257606157730040586e-01,-2.537590908057006378e-01,1.963084629604036346e-01,-1.468621226784873682e-02,5.602159019743602197e-02,2.151594758529671303e-01,1.354870841498404810e-01,-6.376402518776158601e-02,6.172061282147155853e-02
-2.188826930110693847e-01,-3.066420741624567015e-01,-2.797261277452111061e-01,-4.189157921164676085e-02,6.170771808648595202e-02,1.461669122102377816e-01,-1.509237505072835717e-01,1.793034572068686605e-01,-1.411400008479547254e-02,3.599582943339328378e-01
6.362178482408285644e-03,-1.803552140367786771e-01,1.546488241968717314e-01,7.632850228950656402e-02,6.042263056495773832e-02,1.155085592330000882e-01,-2.438233843901819187e-01,5.560216914994599302e-02,4.055110314533094673e-02,2.155891756564860817e-01
8.715422872698670720e-02,-5.090499919747325935e-02,-8.311146169317346066e-02,1.372867980847622682e-01,-1.733030242152477640e-01,1.695993912478311605e-01,-2.719809069769751342e-01,5.303328047947851454e-02,-7.394825609163001301e-02,2.122642603685099549e-01
2.724909625151406001e-01,-2.604720072088431149e-01,-5.350409699266775454e-02,-4.312369786976692938e-03,-8.509482795050667125e-02,-5.986279145989298334e-02,-9.517240930222864437e-02,-2.795939474915225265e-02,3.446646274371109597e-02,6.837095227631337369e-02
1.145325584603526098e-01,-5.108052194440378807e-02,2.119401207608239204e-02,-1.628627605638788972e-02,6.527562995304546367e-02,-7.327486159192857229e-02,-1.485894222307927448e-01,3.858259751238236890e-02,2.279432199152234620e-02,-9.584832690550812440e-02
-9.926582537004284557e-02,-3.364153510548207882e-01,1.914115960973043762e-01,1.879433473271578670e-01,-2.017711219967001368e-01,5.372635228535205254e-02,-5.757571584950079702e-01,-7.050647835288550991e-02,2.084520215876689217e-02,1.655091791184268024e-01
1.472748580857409784e-01,-2.692027183934509460e-01,4.618781833941318360e-02,-7.817187670204935046e-02,-8.160323256092581745e-02,2.023374207176755479e-01,-4.236136276277844420e-02,-1.614841582529653319e-01,-2.233880612314502745e-01,-2.653538581497921767e-01
-2.424343227765458075e-01,-2.971240097335455799e-01,-6.678474478489543342e-02,-4.853884687260739787e-03,5.841335830038739581e-03,-1.116524572724584968e-01,-3.094926064427723587e-03,4.455002858574512274e-03,5.544396581733526674e-02,-4.196339724453285736e-01
-3.054121607048069231e-01,-4.487392867818103953e-02,-6.710226444029851467e-02,5.860180566913151395e-02,-1.716058263476274159e-01,-2.789377585595738136e-03,-1.975213487171358362e-01,-2.454956154324397510e-01,-5.798606741534581555e-02,-3.940896189769347857e-01
1.107911117453732469e-01,-8.858814935835872262e-02,-1.610699610167120599e-01,2.100952737672173998e-01,6.856896245904224585e-02,1.877006327476069825e-01,-1.982215523925672310e-02,3.282653735343701862e-01,3.516491147323774769e-02,-5.844503173423964970e-01
-2.075843189504334996e-01,-2.166483335054043002e-01,-1.953081835230131014e-01,-8.361338237075359447e-02,2.648555485240673968e-01,-9.318989698513079067e-02,-4.540715454350937458e-02,1.482264593632216972e-02,1.017276081177199837e-01,-4.090227119401205758e-01
-1.023216818705159487e-01,-1.894786780105334190e-01,-1.185385319968209478e-01,-9.694176172021144733e-02,-7.520838084015825376e-02,-1.182312897633585116e-03,-1.289442058586287299e-01,6.638412241322444451e-02,1.742695797326615850e-02,-1.667569448502762286e-01
-1.437526810175328018e-01,-3.082092507966550654e-01,-2.576541112983543602e-01,-6.007058223729217460e-03,1.323775611158125587e-01,2.659334237902549192e-01,-3.337231328166288119e-02,1.623883972950048993e-01,-2.885385717005004569e-01,-2.965582168761752291e-01
-2.667087800992683500e-01,-1.503207312642745874e-01,-6.828757625084155847e-02,-1.410841502178758564e-03,-1.955280617466456927e-01,5.020026513056131956e-02,1.123955311896869709e-02,2.300432971814427574e-01,6.037973499536453126e-02,1.868071524950575546e-01
3.441255683730739395e-02,-1.309067276580933026e-01,-2.207600856619264598e-02,1.643803336032444162e-01,1.166422811778177610e-01,5.835932495352949036e-03,1.798616558691672473e-01,-7.188976273087077651e-02,-1.926149519503281837e-01,-5.042062824579621530e-03
3.800401548729844675e-02,-1.259639364059975675e-01,-1.393166849704500221e-01,5.842292125409737774e-02,-4.060246743379652967e-02,1.563418301207951944e-01,-8.238741626543125141e-02,9.968851624973486258e-02,1.081150591571893999e-01,-3.410108152710124990e-02
2.764079310846174753e-01,-3.024349345059091851e-02,1.394320807886111346e-01,-1.820778216119377929e-02,-2.429347986563905881e-01,1.285043924576492400e-02,-1.305258079498310131e-01,2.120101135916593049e-01,7.874316160959353439e-02,1.168121962064322568e-02
3.889024779585652514e-01,-1.463128467592429427e-01,2.764655246329182914e-01,-9.659754635068969197e-02,6.198320878857641048e-02,1.095405389179235772e-01,9.674596161417625684e-02,1.967727918395464071e-01,-2.942315609505083765e-02,-5.237664731229167703e-02
-1.678572619608252603e-02,-3.066180392078891037e-01,1.144813882216816348e-01,3.022318520266395470e-02,-3.205683792220641037e-01,6.505805257953774234e-02,3.158870972281716677e-02,-1.722523490300583880e-03,-1.334437695209201302e-01,2.930178618626151921e-01
2.856422658437449691e-01,-2.468794316659295718e-01,-1.227215866402605743e-01,1.839268504737572030e-01,-4.214195267867269501e-01,8.748049968359981887e-02,-1.734302020377225806e-01,-1.376528796972817104e-01,1.150883011380930826e-01,7.255155999985721249e-02
2.297528772989184676e-01,3.810649106958558657e-02,9.881294800275372547e-02,8.786478697360766699e-03,3.762567625523789983e-01,1.148658287363430869e-01,-2.092458311206785160e-01,1.310142777897869426e-01,1.551103078633929259e-02,-5.102446684916268210e-02
9.361752585406964144e-02,-1.385494165568494918e-01,-4.557635039480088454e-03,-6.217222276583089444e-03,5.116357537686823387e-02,1.643559827622913250e-01,-4.356510660640230959e-01,-2.030505625629115685e-01,1.418059390301455447e-01,-2.026576420707793258e-01
3.329302606976205364e-02,9.106921893960624736e-02,2.416574759794585803e-01,1.188808257405464114e-01,3.275950317136928081e-01,6.146360291532822206e-03,-6.194138026622784260e-02,3.385063089144326187e-01,-1.419361891306831769e-01,1.522395604170181660e-01
-1.885300523106861470e-01,-2.385783764216692915e-01,1.772051126592332770e-01,1.892825198980720158e-01,4.377598707181226678e-01,2.279129654619772849e-01,-1.769342466281291215e-01,1.718523771132791367e-01,-1.585670331291809121e-01,-1.633436915338273565e-01
-1.491020759217284719e-01,9.461339059590670106e-03,2.641412306040838986e-01,-6.810617533523037614e-02,1.601996958538970672e-01,1.741980842439616872e-01,-1.135157844066886079e-01,-1.510344259776608966e-01,-6.119417679870228777e-02,-1.517600459248249871e-02
-2.777283318529528700e-01,-1.967448205956001117e-01,-2.428348403751339202e-01,5.162420934317802843e-03,1.004165415146863333e-01,-1.258161307211063951e-01,-2.577205528368874954e-01,-1.319203942087259114e-02,-1.512791165052173592e-01,-2.047308914809917446e-01
-1.322369893110715566e-01,-6.051737202707488383e-02,-8.721081959936852201e-02,1.217617259937691515e-01,-7.285545728744600991e-02,-1.337343724630671027e-01,-7.513452382682930808e-02,1.932001279381037329e-01,-4.054065225962809327e-02,6.209523657149893655e-02
-2.794492878278708181e-01,1.893029367304782662e-01,-1.875648803246709462e-01,-6.568886991265864006e-02,5.988741272275955804e-03,2.518377768913139872e-02,2.456519303745778871e-01,-1.563327346471408419e-01,5.009087837797279209e-03,-7.878217789914263025e-02
2.063421278171626572e-01,-3.247930541528433190e-01,-1.031009925137032490e-01,7.207022273720012362e-03,-8.581014449755273998e-02,-1.394075687657071738e-01,-4.279896815648740610e-02,2.314624253398533602e-02,1.090446534303042420e-01,-2.186968131699405793e-01
9.193560299182663986e-02,-1.904988806223990028e-01,-5.421845690733806400e-02,3.915762214936886580e-03,-1.144979310598830818e-01,-8.009316372773801762e-02,2.126663685084856925e-01,-7.190128747847493451e-02,1.571629972820071663e-01,2.323133040339816213e-01
-4.123457070757671067e-02,2.867429446938659643e-01,-1.623354263232654748e-01,1.826234514358165695e-01,-5.343266151794971719e-02,-3.405510599044046793e-02,7.434500820478240346e-02,-2.745590617159769375e-01,-1.610111945938260125e-01,1.025100446038856583e-01
6.096314210184949206e-02,-4.276982980791672606e-01,-2.665688491108183025e-02,-1.537734483224929838e-01,-3.203681390582531763e-01,1.385157427660318186e-01,1.554915346629392459e-01,-1.773275999644357837e-01,-1.174349655653933039e-01,2.366538884054344150e-01
4.803372407088151580e-02,-1.435841846557924795e-01,-9.942663297414983115e-02,-8.146908872554566028e-02,-3.645775640049045419e-01,6.522192408492903659e-02,1.063126306997766446e-01,-7.165310727007036251e-02,-1.273619508167156411e-01,2.796433627209762296e-01
1.287311511418167964e-01,4.476956550630851323e-02,-6.086931759824440458e-02,1.680298078070225076e-01,-1.725590953223528345e-01,-2.463618005739906872e-02,7.314040636444846255e-02,2.867422982408100729e-03,-1.318866992870395549e-01,-1.314544581376655696e-01
7.315556066703397808e-02,-4.549615271269229488e-01,-5.990761438353819218e-02,1.465060800641619088e-01,-2.782663519598695401e-01,7.349747926637321960e-02,2.628001895291627865e-01,-3.426444287828092627e-02,-7.676537359365691315e-02,-2.583934288223538323e-01
3.527283627005167177e-01,-1.828322016389027915e-01,3.577041000590985842e-02,1.597587435110398302e-01,-5.017351522404938091e-01,-3.422840502978961863e-02,2.165902980954409474e-01,-1.707189545075170345e-01,6.056467069690298077e-02,1.015987308237973619e-01
2.149645647991611508e-01,-1.988598925750942881e-01,9.157178692995776581e-02,-1.383313223142550175e-02,4.143190068573408824e-02,-2.625861375411677606e-02,-3.874280796354425543e-02,7.207915930051923825e-02,-5.763624212267311198e-02,-6.483072844427928416e-02
3.371805742716352250e-01,-3.788059702844608773e-02,3.190887515683872577e-02,-1.203943387190706121e-01,-8.645233753138593935e-02,-4.079368972355298939e-02,-1.862273158092921377e-01,1.308583755508478108e-01,9.778805176027320634e-02,-8.072553231837609200e-02
-1.291575500947791423e-02,1.610422829127682309e-01,2.321210380815486030e-01,-7.557546984982339844e-02,3.556930805825805897e-01,-7.072107945491194758e-02,-1.069916060661753321e-01,-2.611078554983849165e-02,-1.435644959374252627e-01,1.556060587566771292e-01
-4.374664571219737397e-01,5.668570309345378339e-02,1.267378482850698429e-01,1.911298775833923103e-01,2.913790254591069329e-01,1.655091732116490549e-02,-1.143682493631757724e-01,2.820949191842295894e-02,8.204689031713711944e-02,3.023637947668185721e-01
-3.941013070189079981e-01,6.433521408929974983e-02,1.905547583976749948e-01,7.763282068281109061e-02,2.270350234928019961e-01,1.083004739363545993e-01,-5.822519123652002832e-02,-2.515368897444609231e-01,5.994300420207773761e-02,-2.080165120053447947e-01
-1.488460105332807260e-01,4.352005795293992924e-02,2.244507300259546700e-01,1.522040880770185456e-01,5.744608026914800603e-02,-1.472438145119933373e-01,-4.983973417595962546e-02,1.934474688676972864e-01,-1.094937838496622302e-02,1.184729162334113416e-03
-1.209699518533648571e-01,1.502592826772006229e-01,2.629280131240952986e-02,1.993901934848139323e-01,1.930265031854574154e-01,2.014476357465132816e-01,2.102599416255264697e-01,2.387879043800085477e-01,-4.698540979107372617e-02,-1.605084631277195195e-01
6.294836358507484297e-02,2.022876794030538661e-01,-2.175394374079976934e-01,4.056189546811316687e-03,-3.499245528486451262e-02,1.875129999344966880e-01,-9.156229064099678794e-03,-2.206767206778362522e-01,-1.193328179703858211e-01,2.577403636263968512e-01
-2.717604137249750029e-01,-8.829681812091418058e-02,-2.032891795841700322e-01,-8.262065241087437895e-02,-1.845009449953822489e-01,9.744025727731601971e-02,-1.327036469176955669e-01,2.635367099024974596e-02,9.953803715197030721e-02,7.227602940517521835e-02
-5.554535150057281906e-02,-7.550498498025760841e-02,-1.647962109666230579e-01,5.458309108705063778e-02,-3.329380857296862506e-01,-3.108081062946302028e-02,-8.769333034089607515e-02,4.291901703218367094e-03,2.520023207078311150e-02,2.521052908518654490e-01
2.713246023044241229e-01,-4.476633919906138504e-04,-1.574985569174826294e-01,3.583884160472016606e-02,7.740889782274408548e-02,1.793604531319622220e-01,3.701264948588204456e-02,6.432012632318395706e-02,-2.129429478882641572e-02,8.410543814098977999e-02
6.305798478993027145e-02,-5.627143778348216857e-03,-1.263166986797322755e-01,-1.503697001622820439e-01,-4.089370862408399365e-02,-1.651738020736153445e-01,-2.221385284650091458e-03,-2.915247377689144659e-01,-9.012807368130289210e-02,-9.598771817240045467e-02
1.769490783842884163e-01,-7.008316662604112401e-02,-1.419712753672163208e-01,2.128394654810088771e-01,-4.416151974226870114e-01,3.117868895244250895e-03,1.966969338615510154e-01,1.452135620769517688e-01,9.277383607958340772e-02,1.748742956973856344e-01
-5.397563300870334042e-03,-1.194473254837612602e-01,-2.063885585725151184e-01,6.686728797812420411e-02,-2.444706910758603635e-01,2.132421619246609723e-01,-1.269528854090265779e-01,2.414601184570080161e-01,-8.653814253283854951e-02,-3.122699437312038140e-01
2.674629763726301887e-02,-2.085971717571464823e-01,-3.106167729123932020e-02,7.977592689203208409e-02,-1.514172241354219128e-01,7.225246116065904556e-02,1.870856614640309737e-02,5.039974238078408497e-01,-1.305009519852583511e-01,-3.234722484205092286e-02
5.294422016065721687e-02,-1.695550574377984732e-01,-1.449029085978698617e-01,1.115849294985892665e-01,-2.393138193752591680e-01,1.352463218980854143e-01,1.079023908583767819e-03,1.247280030697617559e-01,-4.097978811653456288e-02,1.045121336739976703e-01
1.638344219206963603e-01,-1.971615953439451174e-01,1.961606636272138493e-01,-2.497865997938759214e-02,8.308420347894480973e-03,-1.316119030475165763e-01,2.188219418316981746e-01,4.860723121131325930e-02,-2.592401755019441145e-01,-1.959134214297456392e-02
2.440545184461014316e-01,2.747263133415507874e-01,3.170131215977189942e-01,1.378134734123211136e-01,-1.792993160917559503e-01,-7.107421653740479683e-02,-1.931169310236223180e-01,1.195843778104407895e-01,8.439782480379491580e-02,1.631997367803385279e-01
-1.646379799814802827e-02,2.459421365822653249e-01,6.367711642855944376e-02,2.296078041840841355e-01,2.621928914311905667e-01,1.474264363350462903e-01,-2.073126481888868389e-01,3.761917695785949589e-01,-2.131949140387165986e-01,2.739516275998912787e-01
7.551385530112884881e-02,2.874422839966641607e-01,-1.322253618689950838e-01,2.127694842941764419e-01,5.452283557688583082e-01,1.931500226240827345e-01,-1.832786964883841851e-01,-6.355354882209862666e-02,-2.728495665956029784e-02,3.629622740734041453e-01
-1.589961541121834299e-01,-4.403747805590121217e-02,-9.820414288269008196e-02,2.883200565356679179e-02,4.685031468571378421e-01,1.189481223825498007e-01,-3.885072212958106536e-02,2.438491421189397379e-01,1.006725652600933968e-01,-4.044628900291457607e-01
3.670029661452915010e-02,-2.296475477870784654e-01,-2.537822520909364110e-01,8.591650146638110663e-03,1.357052980660899966e-01,1.236756760037242830e-01,1.814182458828126343e-01,-6.144206712880206228e-02,-1.562176616527500284e-01,-3.621249135766816951e-01
8.359872107410641628e-02,-4.283974547765521251e-02,1.747096303490494607e-01,-5.021361267745744206e-03,3.989204750710609315e-02,5.394608296758851562e-02,-1.797585190155599408e-02,9.301286229296840125e-02,6.563014693513098685e-02,-2.631123982088251143e-02
1.360239265359663476e-02,-2.610912991108119696e-01,-9.124136409208299936e-02,2.309750025188452016e-01,7.885089892693707136e-02,1.068987238358426635e-02,2.315249636423527546e-01,-3.177145148314154954e-01,5.761275655610331378e-03,1.201608765278216508e-02
4.899654870878492746e-02,-2.012325969267019232e-01,-8.773253161123048538e-02,2.031616610551530838e-02,-2.938772852757024628e-02,-4.716803525665938523e-02,1.270459227042176342e-01,-1.011294108763977351e-01,7.232772511649819547e-02,-9.263324044088785958e-02
5.795101618726024827e-03,-3.425004489789793549e-01,-4.965486315053123656e-01,-5.593036173202611122e-02,-4.615350734024363522e-02,-9.206196388440561484e-02,-1.623031943092113072e-01,1.828650340512168182e-01,6.062041110118311649e-02,-2.612844306750938816e-01
3.768659980586501757e-01,-8.698398148974860467e-02,-4.247386607939500625e-01,1.980239380115505765e-01,5.641275196261143210e-02,7.311151006831863308e-02,-8.696626066216572859e-02,9.537284151837237267e-02,-1.708510900318921388e-01,6.723766560299393458e-02
-2.824859178565705120e-01,-4.138690032512692268e-02,-5.427896922636937793e-02,5.791793614893119696e-02,1.751089706976133586e-01,2.648154973500641343e-02,-8.429916230025100501e-03,6.195827190507592619e-02,9.294668290405357081e-02,-4.151864313125668698e-02
3.865135936678973112e-03,-2.921914910266405416e-02,-4.053166837380442478e-02,-7.288908479505419591e-02,-3.756813522847363140e-02,-1.199465805491518461e-01,7.640589759103250111e-02,1.419852349018307092e-01,8.400977584317341484e-02,4.151757125476581572e-02
3.093983865836199554e-01,-1.077054865177933113e-01,4.678006115828724221e-02,-5.107640129945614088e-02,-1.543260092753753407e-02,-1.138587795295575994e-01,2.458416125119809725e-01,-5.058865256214124632e-03,1.526948196820447357e-01,1.391471242363907235e-01
-1.612891442668702435e-01,-1.988060777201859988e-02,5.789544591808376550e-02,5.882581101143915386e-02,-2.401349635672526406e-01,-1.400712580616371994e-01,-3.044934825940697615e-02,7.203542646381133618e-01,-1.691006537879723159e-02,2.736068061335358848e-01
1.866066406647928222e-01,-4.121598365808503139e-01,-6.346206979067278708e-02,-2.945316004382772176e-02,-5.542267299915312750e-02,-1.859484736569285215e-02,1.158253533045353403e-02,4.248362628549910425e-01,-6.169648448856647482e-02,2.520388983904597313e-01
-1.298449774381137400e-01,-9.030056445187369107e-02,-2.601223597747004401e-01,1.549527917491664263e-02,3.863199420652266292e-01,1.788113098060472445e-02,2.665244922370050840e-01,2.512447246454869165e-01,-2.278021711836810126e-01,-7.138428139583838372e-02
-3.007332929240135178e-01,2.669026329871423409e-01,1.231925861343562134e-01,1.705829956057511032e-01,9.487017718128822052e-02,-1.137112517612907520e-01,-1.717487729875818991e-02,5.263824886144817528e-02,8.251978987432502521e-02,3.266931803464765971e-01
-2.377107583302604243e-01,1.848981269764309321e-01,2.448595446057183489e-01,-6.070197988121561056e-02,1.911096074579964055e-01,-4.861672458154990550e-02,-2.053593340813476553e-01,2.184149776388656650e-01,-1.392531988205640281e-01,1.075135048854700126e-01
-1.711065542444931489e-02,1.303281915192299745e-01,-4.944107046777622416e-02,1.294437324277473433e-01,3.461258321089316081e-01,1.408069885669965549e-01,1.655890084219036398e-02,-8.640662302335863285e-03,-2.433666236612656020e-01,-3.138893344578524425e-01
6.371103752256608577e-02,3.183243559186757499e-02,-3.549578968120595691e-03,7.867311846282985799e-02,3.381958768446457486e-01,1.472090489660978496e-01,1.001912271010662880e-01,9.224270560071577696e-02,-1.865802962009430743e-01,-2.990391510289084898e-01
-1.694424788693251194e-01,3.029409879858380172e-01,-1.906052173341061043e-02,-6.555816109249225365e-02,2.762806822544398577e-01,8.681001741470073746e-04,2.173964939289410592e-01,3.236118233685046364e-01,1.905473029975363747e-02,7.862811771921029980e-02
3.269363492691581552e-01,2.183194443039322349e-02,4.862895603105867048e-02,2.440926840996510416e-01,1.366249652727055952e-01,1.768672955482394615e-01,4.230467258968411554e-02,-2.272274712936952351e-02,-9.338611091039745321e-03,8.911471123564232433e-03
2.980435856613576906e-01,3.947624254241555858e-02,-8.894070475636253748e-02,-1.337564149886720857e-02,-1.172935828293477506e-01,3.637682380104119428e-02,1.446636800341832285e-01,4.239614689639195633e-01,-1.438570025768270109e-02,8.030744331256900459e-02
3.735063373600162606e-01,-2.892316419508146261e-02,-1.862113602613209018e-01,4.725429641272812370e-02,-1.454164072552126818e-01,1.186550853177113646e-01,2.283043028110084416e-01,2.427976583769491936e-01,7.233003467842439270e-03,-2.536057742499108203e-01
1.961152419355309262e-01,-2.174625172248167426e-01,5.383838965067011539e-02,1.643409972513800443e-01,1.784247067944554066e-02,4.340506273877206556e-02,-6.521817153182102311e-02,3.747665070125512365e-02,-1.588661770148879215e-01,1.123102656241651565e-01
2.700150688752548378e-01,2.055467121319837220e-01,6.552941370078356476e-02,-1.118082809575798309e-01,-2.111420721490982755e-01,-8.122930769218476843e-02,-5.496263738724435285e-03,3.249045125724406291e-01,-2.121459774644141039e-01,3.834447969610827456e-01
-8.165876083766691884e-02,1.185948372238647582e-02,-3.523163407454246165e-01,8.834117040721357894e-02,8.105917452487006181e-02,1.412356389598511813e-02,1.456768177488016458e-01,2.419536467716679531e-02,-1.293079666209846490e-01,1.922981731403135275e-01
5.791123539423660010e-02,2.798114084039086003e-03,3.655883724458015849e-02,-1.421179226437466366e-02,1.056423013302312669e-01,1.678365743790849740e-01,8.931094889680992605e-03,-2.524446142650035169e-02,-2.022719323718938020e-02,1.015820923043596891e-01
3.033199216255576605e-02,6.118771406807579222e-02,-3.365523876713668594e-01,-3.017516804849101550e-02,3.551252200598771502e-02,1.952516853059958202e-01,2.110147065673580458e-01,3.274479908279352425e-01,-2.326212064830780468e-01,-1.695286918868793569e-02
4.775981820114789250e-02,4.447960640950351235e-02,-2.927345886244170359e-01,2.247226620504342021e-01,4.542968273112550637e-02,1.744481060285128227e-01,1.789331805324507751e-01,-3.574538272150726281e-01,-1.772334893906070130e-01,-1.020564444819686001e-01
-4.451854879348515065e-02,-7.733612942931288037e-02,-2.042730548649054068e-01,-6.046259794430971363e-02,3.233195674395566432e-01,-1.025857667886333341e-01,1.152123270526335952e-01,1.799086263170402711e-01,-1.451885735175798553e-01,-8.533006606014209572e-02
-2.022559573808083155e-01,-1.715611933296062874e-01,-1.941793498887026681e-01,-4.594192790236917984e-02,-7.565992341725583277e-03,1.593941889548687596e-01,-1.210288612934710961e-01,7.364849044848126303e-02,-1.229595817213895992e-01,-1.710339557051019088e-01
-3.005368163672154092e-01,8.257111924295985894e-02,-1.393998680805267343e-01,1.939860715825197229e-02,-3.014084151727203925e-02,1.552555004497562507e-01,-3.923133119001658703e-02,-2.559114829855806961e-01,-1.121290170320932561e-01,7.648891273237912181e-02
-1.400315431873498939e-01,1.313801385457279980e-01,-1.733974907902774976e-01,-4.895181564188170326e-02,3.344052547877410242e-01,2.304828625785662333e-01,-9.277336115395756755e-02,-1.309010398933847241e-01,-9.416328827397492385e-02,-1.426981403869539144e-01
-4.648160326230939970e-02,-1.213160197287686676e-01,-1.598912347366889322e-02,1.020469980686438266e-01,3.120969839674973545e-01,1.006689762430557217e-01,5.421120274422728397e-02,-8.040021997331746328e-02,2.279432368105276455e-02,-1.325423477847876563e-01
1.498884235359628225e-01,-2.892245161139558318e-01,1.617020007342959698e-01,-8.797820604264465494e-02,4.482262404421914481e-01,-6.663451649618311323e-02,1.912225368267450043e-01,-1.138987394159636374e-01,9.287177593734526060e-02,-1.143029756461757529e-01
2.485760073774465895e-01,-7.872780605596947645e-02,2.249249753093927606e-01,6.310987756985368680e-02,3.762853874041645619e-01,-1.315093113177304707e-01,1.307846301964483704e-01,-2.705487684950547700e-01,-2.073937605649181504e-01,-3.573739112129972056e-02
3.519000526740833495e-02,-4.743363815602558153e-03,1.636636899313389515e-01,2.057601207121549647e-01,6.438072776377555817e-01,9.739686233457166276e-02,8.902320516301412412e-02,-1.827234139536409729e-01,9.942178237117040018e-02,-1.105144747872391364e-01
1.669468219225591077e-01,1.341403304958335707e-01,-4.894653322661730865e-02,-8.224924582505019344e-02,2.309314319029320134e-02,-1.006853696375585167e-01,2.199154348698312278e-01,-1.326674018845633019e-01,6.151015866680815264e-02,-2.786055066464528385e-01
1.563725142201689011e-01,-6.874922708888490767e-03,8.607082426908665984e-02,-3.876583687656622468e-04,1.381343216368446231e-02,1.613922877632432973e-01,2.019811471767884448e-01,1.073839864225003687e-01,-6.298637698522699391e-02,3.012291383846504300e-01
2.022142541395139936e-01,-1.677967694069734238e-03,7.640634583822239478e-02,2.304700340788659318e-01,8.014237160956892703e-02,1.594644743510912621e-01,2.883818736808050898e-01,2.220228324432593492e-01,1.209534219010483247e-01,1.637500555047568251e-01
1.526872609111219470e-01,-9.587471160249182167e-02,-2.408948233026760866e-01,-7.845597421808361838e-03,1.808586001218825123e-01,8.118818604904247394e-02,1.064344767483912380e-01,3.831015034287947318e-01,-1.749362284079047924e-01,2.647682404944294299e-01
3.031539323448698697e-01,-1.865114104400591999e-01,-5.587164666916060937e-03,1.805017655601600865e-02,8.505788397464984774e-02,1.449064394408156563e-02,2.060692045808227291e-01,8.183773626999028827e-02,1.193133070292630993e-01,2.253496730739655562e-01
-6.826552580451586590e-03,-3.482730345132938332e-01,-4.484113591672096444e-01,2.015769246926402414e-01,1.859656053241307838e-01,-2.606108203185568059e-02,-2.336104075388914514e-02,4.868318092653273754e-01,-1.017553016295452001e-01,-3.623074453268329553e-02
-9.640049294185072670e-02,-2.000128444826177465e-01,-1.652995283145365923e-01,2.727434213086803866e-02,8.630159280801914801e-02,-1.287058859718136772e-01,7.946852196726492124e-02,5.027903246598812437e-02,-8.762071052618193578e-02,-2.018321942232330357e-01
-3.289605408109135265e-01,-1.766260227471363672e-02,-1.996440718318873708e-01,2.289979456401873559e-01,2.591919303365574634e-01,-5.242343615608727192e-02,-4.567328956614109120e-02,1.510810294369694662e-01,1.718561100537729369e-01,-5.834824452427733038e-02
-9.346191849864178558e-02,4.000324228818234046e-02,-1.811069435049675880e-01,1.191039571904724398e-01,3.840592077907586943e-01,1.595762429159018614e-01,-3.423711431025213640e-03,1.434571774220278761e-01,-4.885526466150849623e-02,-2.338241819898103369e-01
-2.923516042138048499e-01,-1.845643636305293045e-01,-2.532637937594376942e-01,1.717102817556081795e-01,4.585512594752425009e-01,3.820912736600157178e-02,6.536581963718290922e-02,5.881964693198266092e-02,6.962866310478359189e-02,-1.833973297077137656e-03
-3.269346195799380794e-01,3.129176272977634010e-01,-3.056622077724091557e-01,-5.620561650246708868e-02,-4.543170804247137484e-02,-9.901847722570995824e-02,3.569170024705102095e-03,-3.058912609461244547e-01,1.317161075560133697e-02,-3.743426793403412112e-01
-3.318343473652617392e-01,1.110210750943664976e-01,3.217574805536235760e-02,1.646724967771785730e-01,6.411311322074822461e-02,2.174577369557767759e-01,-4.372571385189662901e-02,1.431375650000676625e-01,-5.374224859666626442e-02,2.504119128160623223e-02
3.727834151038622590e-01,-1.689622998053563196e-01,5.361574690024838163e-02,-3.884473701603759904e-02,1.756981408394601984e-01,7.496547640029245507e-02,2.145494654054867431e-02,8.046235210461592791e-02,-6.540648672418898635e-02,-3.665068187188201265e-01
2.757807638071855250e-01,7.740973036911676097e-02,-1.660623590282716000e-01,1.180796385123837611e-01,2.521292158779490644e-01,-9.340327546093564470e-02,1.340629932136889746e-01,1.751001836561635050e-01,9.387708035028953513e-02,-2.260286626459073467e-01
1.555321002374614459e-01,1.050619786940444472e-01,7.595909915248141853e-02,6.611511926412799722e-02,3.769837069146774744e-01,1.234255162841655928e-01,1.138106894952971571e-01,-1.862359858985230543e-01,-5.202186241123892690e-03,-2.578742900034015628e-01
9.768173603920966841e-02,-2.149526545719733853e-02,-9.402247076560707462e-02,-2.181559298441203970e-02,2.565658293424830649e-01,2.398615588950303232e-02,2.015159587230242466e-01,1.914441152844817140e-01,9.704209570833342846e-02,-8.754275435456143617e-02
-2.026052874437199725e-01,1.428722267987781458e-01,1.899370244334505978e-02,1.665392151300585655e-01,1.192956489313849316e-01,1.140473354206340412e-01,-3.721640907678051141e-02,-2.103367674305885171e-01,7.285405049361858010e-02,-2.214853335627462727e-01
-2.842546193043234970e-01,1.040881648817765757e-02,1.217887460134178951e-01,7.211857763436073376e-02,-1.826870704569536763e-01,1.381582019512899162e-01,1.028159680334115589e-01,2.903347768507020255e-01,1.062182413860339875e-01,3.200246275950454078e-01
1.952699808226559391e-02,-1.618157388387015394e-01,1.040630589316381693e-01,7.348795929553947337e-02,-3.664733780075019043e-02,4.044235763913291148e-02,4.866358064252445520e-02,4.206533031148035895e-01,-2.076223628916953542e-02,1.105235167459905632e-01
-2.598027848803150658e-02,9.194025773352899888e-02,1.990993606283945287e-03,-1.407926350342788950e-02,3.512793456337724718e-02,-1.410341855360920660e-01,-1.082284240696209932e-01,4.175404062216538370e-01,-9.454984604591408492e-02,5.267475051939205510e-01
1.288606649127646553e-01,-2.236124360854720994e-01,-1.408203352322055513e-01,1.710962252431132147e-01,4.634260208710858087e-02,-3.769479780355831922e-02,3.531688486602759247e-01,3.503139139875553476e-01,-1.073751258514532153e-01,1.053359547099029236e-01
-5.875883908270706363e-02,-4.821236198495472136e-01,1.111796704539856975e-03,1.662739267648492836e-01,2.677191440359822372e-01,2.276027208616961117e-01,4.025016381885742484e-02,3.037114896349038529e-01,1.016408363049016023e-01,7.917225972403149625e-02
-1.597389365150098106e-01,6.808354426708830565e-02,-1.753396995179848927e-01,-5.778444335508448743e-02,3.761680017638552864e-01,4.855678385266087860e-02,7.414289656855316268e-02,2.591911300798621087e-01,-1.156856279309616681e-01,1.439325546778376930e-01
-2.698058722082678079e-02,-2.179885423750775250e-02,-1.219706396875564758e-01,1.258214672739708384e-01,3.589269791178485991e-01,7.696065661491545418e-02,4.824634315673418522e-02,-1.808348350422175621e-01,6.190947510788466501e-02,-3.734201427673675827e-02
-1.642294489261498236e-01,-2.011966638960523412e-01,-8.488348758810185246e-02,6.361888104029787827e-02,5.880336330566397762e-02,-7.718216490546851716e-02,-1.188849615035789675e-01,6.759087911617396582e-02,-1.106656321897007828e-01,2.085591990202843513e-02
-3.202866470772125496e-01,-2.637525888735757773e-01,6.821427184848552830e-03,-1.210823092000954532e-01,2.528918059375627192e-01,1.584984615836857735e-01,-1.496370730907960467e-01,8.172331836323669385e-02,-1.031268413693962743e-01,-6.465530396317259454e-02
-2.659450764567912184e-01,2.143593758476687334e-03,-1.733839874938287451e-01,1.199661832199630865e-02,3.944697271374468239e-01,-6.154469000458891170e-02,-1.586833319825010566e-02,-4.042313063330112144e-02,4.162631154767881814e-02,-1.539011056664116028e-01
-8.801816370141889168e-02,1.036326926681502801e-02,5.942966589365579824e-03,1.045955454125542250e-01,-1.435065609736581316e-01,1.078681757862857624e-02,-8.896635660038454407e-02,-2.792527827564793008e-01,-2.493792673553579531e-01,1.208185576262589545e-01
3.471785233548656535e-01,2.437548778126587545e-01,1.803364735757665982e-01,4.069783065279335837e-02,5.842551982845948233e-01,9.130244679047051781e-02,-2.883232207977261957e-02,-3.269795676575399379e-01,-1.321642864587140864e-01,-3.243204778679706357e-01
5.003904935489690287e-01,8.029465177438623036e-02,1.872946829280308645e-01,-1.431630333953447798e-01,4.073546376373710087e-02,-7.853706160199146191e-02,2.010819238730737757e-01,-4.579596908720265369e-01,-1.905989156413445684e-01,-1.555489957003415025e-01
3.048724511699085760e-01,2.001674333295150321e-01,-2.690961695010448684e-01,7.176109998684696012e-02,4.923886711679132389e-01,5.621087363004119430e-02,3.270591452283396205e-01,4.829758848713447406e-02,3.086445580010311815e-02,4.157358652837714330e-02
-5.863842184787316364e-02,-1.105812045966432337e-02,1.214878224595535849e-01,2.309478761337677433e-01,3.599848861021464619e-01,1.054291839908698264e-01,-4.818002912871389293e-02,-6.067024351806143967e-02,-1.089857373769587828e-01,-1.560418594963061401e-01
2.665235445145431870e-01,-2.228271739913090591e-02,3.599467172557110906e-02,5.443321496657132358e-02,-3.173186835472868728e-02,-7.168502300419431206e-02,-9.188906513281003274e-02,1.462154815057924162e-01,-1.439649118466538869e-01,-4.115409534993036411e-03
6.637144957960961628e-03,-1.253884172223141968e-01,1.002881469783505064e-01,3.173079441637009779e-02,1.103045391220510291e-01,-7.111405004074174141e-02,1.032331833860272718e-01,6.921215519304796393e-02,-6.077570304129330248e-02,1.338798393938397946e-01
8.204909441446954499e-02,5.348828894379443338e-02,2.418757750381270721e-01,4.756557348621522768e-02,2.905457855638036713e-01,2.194350936099148941e-01,1.628077067686769519e-01,1.837274920095759156e-01,1.170544355606260301e-01,-1.862610806456526380e-01
1.665928881334758360e-01,4.143788248154404164e-01,2.049855273412726220e-01,1.503567319506965705e-01,2.402575625281696825e-01,1.299108695824428839e-01,9.976698203450573565e-02,-5.487265203269885427e-01,-1.926025284313800587e-02,-4.144797176096005203e-02
-6.922749040655758190e-02,1.673041612463774946e-02,1.166937722764596896e-01,8.063929747275576376e-02,2.140472209218229060e-01,5.228147085878991074e-02,4.224484577116533086e-03,-3.342844044847637641e-01,1.477283272290202433e-02,3.847211721834942894e-02
-6.779369485549266959e-03,-2.423108615945223851e-02,-2.748904460791639151e-02,1.402211718881065383e-01,2.645387340362078121e-01,8.390690780090852285e-02,4.531284054374819931e-02,1.930211138967461715e-01,-1.256769739046488810e-01,1.381209923196960281e-02
-3.728482317195621620e-01,4.081271133861483907e-02,1.048427110776704030e-01,-4.706181094092691357e-03,2.132044152793154124e-01,-1.327588379463581769e-01,-1.562009192927765189e-01,1.124298805901233628e-01,1.069481903379181503e-01,1.037010641828679525e-01
7.504234877515288116e-02,-2.204566221638339929e-01,-1.364991043248607872e-01,2.931290297644453119e-02,1.473566020539338883e-01,4.993928910102547747e-02,2.068712404163589591e-01,-3.442666136063410320e-02,-1.462967994529456028e-01,2.055442920446887978e-01
3.199106433247827369e-02,-1.283293285683501650e-01,5.327003405680401371e-02,1.010016200194601838e-01,-1.108633791243880534e-01,-5.592102059092939059e-02,2.939081378959984212e-02,4.343646179303796429e-02,-9.791829775147024850e-02,8.088045345292335653e-02
-3.596610591804141194e-02,-1.354638916896500067e-01,-9.272495408674219508e-02,9.171183726288260896e-02,1.682449443416235077e-02,1.659435676822071659e-01,2.785427262006269777e-01,-9.262816061570801340e-02,-1.074088124222080248e-01,-1.717157035474966773e-02
-1.590223899689068854e-01,1.436881567912215441e-01,1.912314824992861761e-01,1.368982411196624505e-01,1.255101067439836349e-01,-3.655702329915792859e-02,-1.970284623117949385e-01,-4.784756652485654960e-01,-1.490433910752214305e-02,-1.306069871702719432e-01
-5.142373452272997608e-02,4.710784234570367796e-02,5.599415287993945696e-04,-5.400159889812362196e-02,-1.564715752995473885e-01,1.862196022668397288e-01,7.119351621492944759e-02,-2.713000705446350636e-01,-1.610581859031721685e-01,5.935110870680196729e-03
1.327824063112903463e-01,2.830961163166980654e-01,2.662314424646868849e-01,-3.189749272460590409e-05,1.306072987703104649e-01,1.933879660161524072e-01,1.093989179146303559e-01,-1.867401992485844542e-01,-2.587317763923596692e-01,6.285372168705836149e-01
-8.814628847999488037e-02,-1.550670959657362014e-01,9.272403508464727162e-02,-5.055480628918380265e-02,9.071892979299396587e-02,6.240431375731197994e-02,8.976420687168545909e-02,1.895619243094189554e-01,-1.754901514050403056e-03,4.582422377938721869e-02
1.205758158208714154e-01,2.035070043755741742e-01,-9.235891311126559478e-02,-4.677763659093907983e-02,3.000871969095654512e-02,1.740654497144299151e-02,-1.599496611438437355e-01,-6.732733266599980060e-02,-2.031966950669033753e-02,4.324888806929383933e-01
1.573281644853357086e-01,1.445127012793347987e-01,-4.175516409497899428e-02,-2.958792504422560338e-02,9.249804128148371440e-02,7.400089859947915627e-02,-5.748551484151703111e-02,-4.457062502848959107e-01,-1.157825680614975178e-01,-8.407425392764711347e-02
1.331130243778829159e-01,-3.645818149461552832e-02,2.313196176506532309e-01,-8.464055345413123987e-02,1.680369916066287439e-01,8.617318348285717133e-02,-2.254829595705156939e-02,-4.931640027345187138e-01,-6.563627989544953967e-02,7.967607638924080124e-03
2.329578424448220941e-01,3.247427546956598299e-01,-6.546932182875786488e-02,-4.932848378312528620e-02,-9.766982095630287464e-02,1.669817049945459264e-01,2.443941458100514982e-02,-3.579093994452948180e-01,2.834087300629600445e-02,-2.119389041634654192e-01
4.113831067951149167e-01,6.829297615905903507e-02,-1.696314584600114306e-01,-5.282823732653279397e-02,-1.641790865326999693e-01,1.604419581564086872e-01,5.965301556618923806e-03,3.551800282543714909e-02,-4.332855290322892849e-02,-1.842140738638100295e-01
-5.998759742390700339e-02,1.827723711330174194e-01,3.149260052768478868e-01,-1.844148994059123525e-02,2.369167066693321222e-01,4.100253443419261956e-02,-1.910709379882212233e-01,-1.954127942884481273e-01,-2.747597309942562561e-03,3.478307777944455448e-01
1.570310398655183626e-01,2.728847273622129199e-01,1.867070547392394100e-02,1.435958473612247432e-01,-1.233866704301676692e-01,5.887043287565993377e-02,-1.598010129669225413e-02,8.977479296580313795e-02,-9.507797535963997959e-02,-2.596803315810958593e-02
9.438785094027603295e-02,9.838667855987927313e-02,4.025142863116871750e-01,5.328568291317705569e-02,1.099068776110375817e-01,-5.914009932080790954e-02,1.426600804095060626e-01,-1.281102111175666247e-01,1.131175376831543150e-01,9.702367892012886408e-02
1.475456278666298360e-01,-5.273819079791412096e-02,3.890637959984567518e-01,1.545386286030146772e-01,2.759522784939893447e-01,7.951616260030629213e-02,1.349603979060337577e-01,5.212827419116064509e-02,-7.252504380687745111e-02,-1.988168787862570495e-05
1.135630967838563016e-01,-3.016691294739306528e-01,2.281096690319525111e-01,-1.005299155416934931e-01,1.139449079668484327e-01,6.463498480078183617e-02,6.398548447135612993e-02,-2.024645760705253983e-01,6.154559624794346540e-02,6.417110816743273882e-02
-5.818256810447083177e-02,-1.907103719227912775e-01,3.599082454636675504e-02,1.211730464930872164e-01,6.667635477043290515e-02,1.818314917861982571e-01,7.310004657583364651e-03,3.422572468881016072e-01,7.631153312123921395e-02,5.301629315458283170e-02
2.441945463711620579e-01,-2.455355880026052762e-01,4.766131739744083537e-03,5.848947410199551583e-02,-1.444350248831442404e-02,-1.159094754639675845e-01,1.098839232881581585e-01,9.479035887889179779e-02,9.270862760514413103e-02,1.509917448203581813e-01
2.019097590835377751e-02,-2.176472031834630338e-01,1.977787341163612100e-01,1.153074427085876846e-01,-2.088403651210972434e-01,-1.201250684034780997e-01,-3.288847050373224640e-02,-2.567724333035586448e-01,-2.061681364972745012e-01,1.652192246013788612e-01
4.960175560510045045e-01,-3.303566328877185487e-01,1.202318334365373720e-01,1.520279367282259264e-01,-4.834191895453822385e-02,1.166584589951839973e-01,-1.289366944363023737e-01,1.131050410956361135e-01,-1.117482074338706916e-01,1.080177469446726712e-01
-6.895395071867030379e-02,1.922311070858779836e-01,1.114439244124520723e-01,2.931515569452541881e-01,2.784244834677175873e-01,2.143275403783393707e-01,-7.735760344554176715e-02,-4.155141096813225743e-01,-2.625670912709276994e-01,-8.761787006399066047e-02
1.269176663966128382e-01,2.302341197842703857e-01,3.099766128390361031e-01,-1.303419404607723299e-03,-3.111655674485763190e-01,-1.490391007531381151e-01,2.508008084435030538e-01,-4.096487986203730114e-01,-5.709215440401808894e-02,-2.195667728403734309e-01
-1.947009529355127611e-01,4.738129470009828231e-02,2.636152797960072958e-01,7.831684624100067327e-02,-2.028546848157837534e-01,8.198982746618420359e-02,9.126598373506172868e-02,-1.456323443858380806e-01,8.139948423940067401e-02,-3.870043060498057352e-02
6.221781445184363518e-02,-7.317630765244768909e-02,2.117899531894989473e-01,9.539325115339679362e-02,-1.881510928191339194e-01,-1.578512807806221330e-01,-1.819459877743087248e-02,-3.801915009322884287e-01,9.807339324475612685e-02,-1.905652003348915213e-01
-4.810546192720512870e-01,1.117040786817466297e-01,7.911301615997468062e-02,3.795055063942068957e-02,1.349902182690211339e-01,4.461902848604371030e-02,1.093115198787100728e-01,-6.698598428104987068e-01,6.388715567048690314e-02,1.464106251059981434e-01
-1.659787489158011664e-01,8.809602211986151954e-02,-4.556332116723328662e-03,-2.848880177519357709e-02,4.555917327403903594e-02,-1.506707205863244969e-01,-9.449898787957902724e-02,-1.244910692626305521e-01,1.431552871283159889e-01,-5.605709567909062524e-02
1.171629836505269223e-01,-1.697567030025113888e-01,2.361217273573654463e-01,-8.645892024885636074e-02,6.312558010679110432e-02,-1.033205663326221685e-01,2.580611775008522998e-02,-1.590345941489745007e-01,4.384645392465999492e-02,3.071884243741728263e-02
-2.920533708192393219e-01,2.775254798650073074e-01,1.038440579459586621e-01,-1.050483766643256073e-01,2.416577990768364881e-01,-9.888812346210433535e-02,-3.221187213656250825e-01,-7.034109562354167178e-01,1.790777283061806835e-01,-7.322836677755672867e-03
-5.407528093748115855e-02,4.512829984886364970e-02,-1.472583733016829544e-01,8.112647782790698148e-02,-1.581080976289623019e-01,-1.036932185507733698e-03,-1.403394933939572375e-01,-8.645006269474695415e-01,-1.088331996571435673e-01,2.340491877615369087e-01
1.289528144702241363e-01,2.403638814520915254e-02,3.132023620573018974e-01,1.647702135150058422e-01,1.474597283289197369e-01,-3.139878889330297018e-02,-1.284134987767435454e-01,-7.014961774006789330e-01,1.705772215839710393e-01,-2.257817615541047040e-01
2.574709948214289335e-01,3.639232764465669678e-01,1.876737625115380836e-01,3.271889763247746302e-02,-1.588150560287540092e-01,1.092731747618281152e-01,-4.765157731972335248e-02,-6.207629286211071573e-01,9.369003625171222829e-03,-1.320246196520795563e-02
1.468000672465882839e-01,-5.853365969300145660e-02,2.441605551689226550e-01,7.402640416292789738e-02,1.084507406925102752e-01,7.673649638759712233e-02,-6.352997140148980426e-02,-3.145350351760424767e-01,1.253418898070235987e-01,8.370694535312531159e-02
1.362205539319062859e-02,1.525005903788484440e-01,2.915078526375439738e-01,1.577704793674556891e-02,1.414477658214578493e-01,6.334394549968173915e-02,-1.982863600748918653e-01,-8.689291042942598464e-02,1.057055849179772827e-01,-5.778156022946202147e-02
2.797112219053087268e-01,2.382061261481285830e-01,5.140710117859115247e-01,-3.637049923759981974e-03,2.658522412224510467e-01,-2.265729478554840901e-02,2.493775349732997026e-01,2.139494596246522551e-01,-1.899506463705983306e-01,4.684943530277344698e-02
9.845463113630982532e-02,-2.151364225464001967e-01,1.849752620578319628e-02,1.762451333501245665e-01,-9.457169072653003050e-02,2.399693941580108569e-01,1.091216369474372859e-03,-2.120584810417855751e-02,-1.536914884191401542e-01,1.998991901486445733e-01
3.613751458565134245e-01,-8.984021694985152781e-03,3.769242572073904229e-01,9.902208751798011188e-02,-2.097493990102869688e-01,1.446636008857003894e-04,-9.835140484622165169e-02,3.289798507272378991e-02,8.106035349359196063e-02,1.839178904723960117e-01
-1.811277255749489390e-01,1.541658355736426067e-01,3.049282951719581858e-01,-3.136718784354507877e-02,-6.026052818284068080e-02,1.009668153090793469e-01,-9.231158224293070647e-02,-2.278789040494058893e-01,-1.264460075668606166e-02,2.209411978852256764e-01
-7.189493478816279259e-02,-3.726902699650209289e-02,2.192504253802095016e-01,2.272165115362127785e-01,-3.533325934475432806e-02,1.946383485648630896e-01,-7.074433894564630121e-02,-4.599485779907093730e-01,-1.251059668454945761e-01,1.105201313503916261e-01
1.017425285667857698e-01,2.388479733026816487e-01,1.313440909772417009e-01,3.774415126506088652e-02,-1.466504933326434612e-01,1.726352704090083068e-01,9.550882969932276978e-03,-4.028695711860039164e-01,-1.997907972048286740e-01,-3.052073086099851493e-02
-2.647499471071763644e-01,2.106846615381880450e-01,6.997348165201319747e-02,1.667580327514819605e-01,-1.135777899041147008e-03,1.094856179208457542e-01,4.235881021902770244e-02,-5.045588273761461018e-01,-9.537614010286209199e-02,-3.701293772192267295e-01
1.133235847696638515e-01,2.646970302289267454e-02,-1.920001840220788777e-02,-3.046625780339310557e-02,-2.830821081536850914e-02,4.109065635894716684e-02,-1.671183112927586145e-01,-2.368799580530826232e-01,-1.160316000917695732e-02,-4.171311164286151674e-01
1.904426017875027188e-01,1.640754241767984900e-01,-1.313409634796504008e-02,5.526296055455787865e-02,1.623243866205451302e-01,2.276641866695274519e-01,4.721081801472844924e-02,-2.867879103821924791e-01,1.201519547776628283e-01,8.782891718220608990e-02
1.828509659893490791e-01,-1.763083208403255497e-01,1.723566152847789135e-01,-7.032877689917425845e-02,1.235845496859869358e-01,3.910394459333439710e-02,-4.962486942479304303e-02,-2.255406758902580300e-01,1.080995475440819226e-01,1.968478741078191485e-01
2.202030103766112190e-01,8.054894208266270839e-02,-1.532157557935647507e-01,1.420800876807924162e-01,-3.892437914543278588e-02,-1.341589500218282882e-01,3.024713379631335797e-01,-8.029434630732056044e-02,-1.992369922996910514e-01,2.069074443794021237e-02
1.034557041756348356e-01,8.862853764691867864e-02,-9.539080482744732858e-02,-1.131698260112738719e-01,-9.353216200954063420e-02,-1.003643726162280897e-01,1.978640921339922532e-01,-7.678088660683535238e-02,-1.363574576535527272e-01,3.660053683906090705e-02
1.532467048368933993e-01,9.121710509995502314e-02,2.614729311401310305e-02,6.937233947082931075e-04,-3.182920405287341381e-02,2.594345758422057502e-01,6.521112106706547507e-02,-1.985560812408322107e-01,-6.959909213961161523e-02,-2.283799189378857009e-01
-1.892434656816307029e-02,-1.498715542470886383e-02,-1.543422956753712216e-01,4.778800942510318811e-02,-1.986946313225813887e-01,2.602336746417137081e-01,2.983230889421982848e-02,-5.743597813028129551e-01,4.842617446749622120e-03,-1.678637507875836155e-01
-6.515691668872385101e-02,-2.626764291246936889e-01,2.134349959886293613e-01,6.159360933707955926e-02,2.855857356612465092e-01,7.463430140390268919e-02,1.319091083881613335e-01,-2.694241000194568803e-01,-9.912156898296968499e-02,-1.789670519431908191e-01
-3.068780790248371373e-02,-1.319144084533243055e-01,3.480700595678873910e-01,1.208998252865219614e-01,-1.278072316873686901e-02,-3.064642214252590036e-02,4.272908039785679700e-03,3.756689321206811427e-01,-2.509874950582174913e-01,-1.901836613894869743e-01
1.319567363701819145e-02,1.010430834256770410e-01,3.071216009227455412e-01,2.700176408201931944e-01,1.605166197594211364e-01,7.682530713564340863e-02,1.114360621396225659e-01,3.249199348989543767e-01,-5.192079077156637468e-02,-7.418413778906132738e-02
2.242004844327561419e-01,-1.028777759663865726e-01,1.069075004058388512e-01,1.883536671031586784e-01,3.908926509112187198e-02,2.401672334069709647e-01,-5.371283777008640375e-02,2.282346439460418083e-02,-9.522719176927961493e-02,8.550289105024050373e-02
-8.756807863544695258e-02,1.498070799129889163e-01,1.643862709192423499e-01,-3.879144806235153981e-02,-1.613810465435197850e-01,-3.105695606734358918e-02,9.089389142003356792e-02,-2.155804937798152243e-01,-2.153584454335440990e-01,9.263192797075372673e-03
