-2.237683798534008395e-01,5.024781971146314863e-01,1.168436929970913113e-01,2.536007431707172355e-01,1.510518445857588765e-01,2.467588046246340650e-01,-1.770816301565824313e-01,6.634557307319069452e-02,2.375648792835552692e-01,1.374468914906153694e-01
8.168483491754479839e-03,1.905750797389117457e-01,-4.069311305433487291e-02,-4.279491986940529152e-02,1.544654897453496545e-01,4.188030104374666496e-01,1.122550390709784046e-01,-8.583365748342879076e-02,1.115479678380898315e-01,3.429645724634422174e-03
-2.545262944022676499e-01,2.798570877407635105e-01,1.179924064982346560e-01,1.953607032503866525e-01,-7.227642887427904173e-02,3.448353319755777524e-01,-6.384884014474782876e-02,-1.854067982997353592e-01,8.813069473218780592e-02,2.281057161580481510e-02
-4.301066424052072952e-04,3.373560846475691100e-01,2.271281092999679896e-01,1.279128723500064235e-02,4.007072055199953353e-02,5.561201227795399271e-01,7.028440937650518028e-02,-2.500964273638436319e-01,-3.384057634268568537e-01,3.853621003194666883e-02
-8.918251598981271136e-03,2.469625326057557912e-01,1.958915502456845814e-01,1.463130669949287144e-01,-8.988505092464207924e-02,4.067990366040282191e-01,4.138766414712877206e-01,-2.812878985893828981e-02,4.337324043775478422e-02,8.257335569356852312e-02
-8.709256745537330424e-02,3.088164184378132116e-01,-7.224356666089291890e-02,1.501958004744486652e-01,-1.085508108601504207e-01,2.543967410417458455e-02,1.450659470395760098e-01,-1.679345098684926485e-01,1.839280704016787657e-02,3.778856332518389788e-02
-1.830603375067603802e-02,6.897694698909540012e-02,-3.111444077641803418e-02,4.987852958235457906e-02,1.435726469472326794e-01,2.715485891500359350e-01,1.759522801737663789e-01,-2.152743338652725325e-02,-3.717555743280124940e-03,1.504728811237558694e-01
-1.544591493642153701e-01,1.940025337120736548e-01,2.830747368694847554e-01,4.238357294496839650e-02,-1.549202422454831474e-01,2.432965978311294741e-01,-1.732797669956171738e-01,-1.738525591820012373e-01,-2.138841125872336379e-01,-3.784674137976072605e-02
-3.300348014482258341e-01,-3.171184766780463238e-01,-1.190712912807831009e-01,-1.026241240098167834e-01,8.755399532640117943e-02,-2.642183677369641659e-01,5.540743260616732939e-03,-4.580667845233358237e-01,-3.749278365945889896e-02,-1.296348832301885967e-01
-2.399239543501188454e-01,-9.756963212506643279e-02,-1.714882294600831025e-01,-1.616863453138404211e-02,-1.418464348980963130e-01,8.724585389469213803e-02,-5.726076326890004037e-02,-3.235248697406611362e-01,-6.083231201683052952e-02,-7.429169203661295517e-02
-3.673756957783767818e-02,-2.862850516010005397e-01,-1.000435625185358973e-01,5.267914872003889859e-02,-1.098617728194727916e-01,1.091839892964332481e-01,-1.454514526441520739e-01,-2.006735680105533326e-01,1.322738307000620173e-01,2.397212389606384331e-01
-7.026073644527108808e-02,-8.560646165154998932e-02,6.456856401264181311e-02,-1.581643319080698051e-01,-1.792563739295695846e-01,6.738810232292646862e-02,1.339581666910936719e-01,-2.441780433332387534e-01,2.534850136099564208e-02,7.228610155257114700e-02
8.534024907469267562e-02,-4.093717330856042058e-01,2.958510339233919040e-01,1.351303273550894524e-01,1.384098954669099948e-02,1.227426841605288171e-01,3.785564874391391527e-02,-2.274551251901675009e-01,3.502634135724697617e-01,9.660348343488925349e-02
1.028942961123292532e-01,1.738566351504324814e-01,2.996198220992667971e-01,-1.223054677510001659e-01,2.275503685940652165e-01,-1.166282462281420795e-01,1.334571587193857933e-01,5.136996022300977655e-02,3.487360651388449750e-01,1.184205336800471520e-01
-2.000243084709818764e-01,4.196294013076964230e-02,1.330789702659726792e-01,-1.237279360831656377e-02,-3.739346046703197202e-02,-1.807695941360198399e-01,-3.973554016899583791e-02,4.156453111365968761e-02,4.962131299906457627e-01,2.444635390685076792e-01
1.228680228843851696e-01,-1.269190396818553092e-02,4.982512875233591210e-02,3.065556441622655504e-01,3.633787676711815184e-02,1.488644579771383758e-01,-1.913277347921210347e-01,9.672274660869414897e-02,7.841179512183921174e-01,2.378398055490061058e-01
-9.475245190475756196e-02,1.114080789659436105e-01,1.663614605344481412e-01,1.630898669445606519e-01,3.414820140613243349e-01,3.506810693807050350e-01,2.710381964662380017e-01,-1.974142536875565790e-02,-9.723761483309283082e-02,-9.163221172563518202e-02
-1.212202866178785643e-01,6.121223727088902222e-02,2.709713918838916290e-03,-6.833160813756301855e-02,-6.210829356056098149e-02,2.550303823881299725e-01,-3.302694556514201157e-02,-3.971077723520400893e-01,1.638323023451579707e-01,-4.643247562516579496e-02
4.197577099274576486e-03,-1.384052275069521396e-03,-2.910664189077252426e-02,7.369097983299487120e-02,2.200090683124570623e-01,-9.284420482682090086e-04,9.943218030557039733e-02,-1.479575702500068590e-01,2.260684288772525918e-01,1.040346882771924636e-02
-2.891878393433750319e-02,3.194522164488968613e-02,-1.203963585518746521e-01,1.201637490224434640e-01,1.998148273450662052e-02,1.177423515290302591e-01,-1.353899619100375207e-02,8.192897518360719999e-02,1.952032733883920790e-01,-1.305791090164038215e-01
1.937661509880336530e-01,2.459056879768984905e-01,2.200506735339573805e-01,1.510750256748779052e-01,2.055417191494505469e-01,2.147984050957010838e-01,1.677572115009496601e-01,-1.979422406046220384e-01,-1.022291707400453144e-02,3.132620707450648467e-01
7.564239957287652305e-02,9.057091925222794659e-02,-8.271274749582714636e-02,-9.332345924733605191e-02,2.185066701984949844e-01,2.388819227364034625e-01,2.124906518227753002e-03,-2.181004665842461165e-01,1.095757767087452705e-01,-5.532407881452669485e-02
5.965788884492125022e-02,3.532151753806563321e-01,2.187612980993660153e-02,6.807648031678902034e-02,1.421553196933925400e-01,2.039245195985265324e-01,-5.484257395162312615e-02,-3.666163805118882735e-01,-1.210190267802294245e-01,1.002138272952347309e-01
3.204521102679540323e-02,-5.952440018204676470e-02,-7.259556069477611506e-02,1.314197754319396672e-01,3.695779137207749754e-02,8.052796875020978851e-02,-1.672905353426275832e-01,-2.332139606761880757e-01,3.714959509103736290e-01,-9.868418800258482726e-02
3.247654217137097010e-02,-2.489722343481604316e-01,5.900420654962156009e-02,7.536050053803163007e-02,1.868200314522630301e-01,-7.570317495832103692e-03,-5.248163404799818105e-02,-1.687307259627624789e-01,3.827347176452748634e-02,-9.636216271227229790e-02
1.232973813937110336e-01,-1.347092176978925172e-02,-1.475635977520935727e-01,-1.663448016849063127e-02,6.477253089964382649e-02,1.409705422927480245e-01,4.011643855985237012e-02,-4.044105504564056153e-01,1.870536257208695596e-01,1.663626779292147473e-01
2.793659734834381680e-01,1.012886831930774195e-01,-1.301938636552384676e-01,7.274384078355970729e-02,-6.847340508233953904e-02,-1.202463149658181130e-01,2.988112192533235456e-01,-1.237009747145646904e-01,2.597767750217835903e-01,4.622606323074243163e-03
-5.559650402412839865e-02,-1.384061032520441659e-01,2.241854226793408567e-01,1.661741482990310714e-01,1.005522839538350588e-01,2.907529377417194527e-01,-3.013727562282388778e-02,-3.336968158738211621e-01,2.519933748369992954e-01,1.972131421583133981e-01
-4.659529754003101376e-02,1.094923437821595930e-01,7.580630857205754303e-02,-1.955172549824508721e-01,-1.386469321393187515e-01,7.459710307057890177e-02,2.575622258246720309e-01,8.962357682252183877e-02,2.877583809908948465e-01,5.151220795424055372e-03
1.368667365554163406e-01,1.296255904314663476e-01,-1.315308714813855639e-01,1.034673054339960846e-01,-3.105283430246110962e-02,2.352253268862003477e-01,-7.271979557557685381e-02,-1.581021330690088045e-01,1.517033542930502354e-01,8.467745416677149861e-02
-2.711483129620254617e-01,7.231576562225931759e-02,-1.279704025198113715e-01,-9.939311450842817919e-02,1.419712275562361528e-02,1.405652650723041019e-01,2.415244588224705335e-01,-7.548841605923881093e-02,4.954538658289893427e-02,1.522557070070222618e-01
-8.897744659352246899e-02,-1.563704479789223556e-01,2.494688865258043731e-01,3.614663270480424767e-02,1.512576959461560400e-02,1.617288907111557594e-01,-1.247489823728116232e-01,-2.011820984018806990e-01,-3.107102159620321324e-01,1.311773092430033316e-01
-2.126101079441677089e-01,8.339184187137040072e-02,4.632995822853253065e-02,4.614971600961119413e-02,3.371385683550195966e-01,8.524262124377923744e-02,1.902544478527493366e-01,-1.864757403667292313e-01,2.897892365310935081e-01,1.797037766723210972e-01
-2.929265214181925869e-01,1.389951437993862671e-01,4.202576122536916259e-02,6.658558421358980184e-02,7.720657644477010861e-02,7.853644315193194364e-03,3.304082161677464324e-02,-8.358964835992099829e-02,1.033457491451432869e-01,-7.389605651538683206e-02
3.917390621365299253e-02,-8.813613692034015512e-02,6.607426675574744335e-02,-1.015730981577738987e-02,1.837272543835321292e-01,2.423223398249070293e-01,5.521489957947631894e-02,-1.313189023113792986e-01,1.287640871384427843e-01,-2.473915896276863424e-01
-1.580885799464770980e-01,-1.461576546501056617e-01,-2.445277836227800414e-02,1.157620092889690006e-01,1.301572781956382985e-01,1.015848999562672939e-01,2.555007554242849088e-01,-2.981579977399744646e-02,7.853272518425825910e-02,2.493050627100039558e-03
-1.135773822584784931e-01,9.740171493186926266e-02,-1.565563918694316270e-01,2.049209859049054006e-01,-7.731397553666730094e-02,1.184428135610328114e-01,1.574822857905555928e-01,-2.858426453494224417e-01,2.989182792729681501e-02,-1.281341051467052225e-02
7.403598552798829058e-02,2.035196799311237217e-02,2.409033387046908004e-01,1.824372686043222169e-01,2.481494827100721653e-02,1.810694532576428428e-01,-1.628566181891479558e-01,-1.415405985472620864e-01,6.985876464953331977e-02,-7.632232106001499150e-02
-4.611329207496470128e-02,-7.057895991087541343e-02,-1.419004555402435808e-01,3.129312640397770018e-01,-8.720291047006119289e-03,3.840683735860433434e-01,6.622771513558496637e-02,-7.152912062445866692e-02,1.670832223150761353e-01,-3.625262533847583013e-01
-2.193246435241354500e-02,1.227098870751361648e-01,-9.151285017469197591e-02,-1.276304558407564682e-01,2.352031826555696925e-01,1.997309950887835583e-01,1.707777696800915901e-01,-3.228820699338403460e-02,1.236967696521025784e-01,9.748347148183653110e-02
1.500587770211644634e-01,2.225621545022707717e-02,-1.486416864068627330e-01,2.005204401661171143e-01,-9.099094527458426174e-02,-9.848242298595330513e-02,2.007203899038632888e-01,-1.967865020561221090e-01,-2.349678372065671927e-01,-4.422533938936108744e-02
1.309268539117406094e-01,3.336645549108649411e-01,-1.717540386681708220e-01,-1.112935493316368346e-01,4.434296133846082899e-02,-6.151755493502050059e-02,-3.393238386790732863e-01,-2.033356405058725225e-01,-1.127913408503197906e-01,1.510211969998618772e-02
-3.208251732078138546e-02,7.813267326631683982e-03,-3.502194378953017995e-01,1.047162554316141830e-01,2.317244408021426616e-01,4.650523899481268791e-02,3.789009898734879006e-02,1.673824460460587166e-02,5.499635291996599062e-02,-2.483418202522492402e-01
1.170654312325547231e-01,-3.070406306987618072e-01,-4.232194050459066326e-02,1.717513878740909716e-01,5.972435542993563551e-02,7.604285547721570393e-02,-1.610883018264367694e-01,-3.390399231633641208e-01,-2.316231331616174297e-02,-2.124433437264880153e-01
9.717566291200216422e-02,-1.518335789677778824e-01,-3.971394784895539432e-01,-1.123858568017310072e-02,6.853084946376440667e-02,-1.158455546238142259e-01,1.454538122061446465e-03,1.965195519309948791e-01,-2.148275409872517708e-02,-1.328182461962417460e-01
2.175612050658930763e-01,2.500857075289742437e-01,-2.052026732527184316e-01,-1.501364474267979088e-01,6.484571397144170413e-02,6.465203628555618587e-02,-3.674104400198965198e-02,-8.884122446571179887e-02,-6.204956184902853111e-02,1.025618226440500880e-01
2.386417598363666306e-02,-2.064574907001598958e-01,-4.621907785909214472e-01,2.492695874924386913e-03,5.746104308322802501e-02,8.642737058511029691e-02,-5.693778457765507478e-02,-1.661601685942205864e-01,-3.392164589503852690e-01,6.667888071045005582e-02
-3.643261929645729147e-01,-9.957138327278135248e-02,-8.564715923307032741e-02,2.658181101962009407e-01,1.957750034104887848e-01,1.224047165932473091e-01,5.202742117032972506e-03,-4.031081993809673136e-01,-1.568925639240682790e-01,-1.090497342616511822e-01
-2.357057924696317197e-01,8.178947089832851181e-02,-9.492073604138080711e-02,1.701517347952979653e-01,-9.396685409277547724e-03,-5.779025173214850236e-02,4.516787056951435814e-02,-5.316585273432854024e-03,-8.827191148950568056e-02,-1.826126763784825247e-01
-1.468821552616470238e-01,-2.314509763212598825e-01,-8.754078013490407565e-04,-7.680215083936357823e-02,1.317330526023878512e-01,9.918704376082290719e-03,-1.179010260427690443e-01,-2.213737390816547246e-01,-2.108565470141366902e-02,6.830328481166581499e-03
-1.043506603589476611e-01,-3.072594613221438231e-01,-1.156701256418860430e-01,1.320773945251214332e-01,1.502038167784804368e-01,2.953649000187830720e-01,2.192410169623277005e-01,-2.502640736135485211e-01,1.376919892467630968e-01,3.924715720319506967e-02
-4.900058358487392740e-02,-1.150885298598911394e-01,2.458328899916224219e-01,3.008883543461765911e-02,-5.986807931409550421e-03,4.305114968303407896e-01,4.201588297537558331e-02,-1.707957057480012086e-01,-7.819356532410250138e-02,9.162656903060673041e-02
1.295565233143936290e-01,-1.598328848173915517e-01,6.700077781423170731e-02,-4.050223424356665797e-02,2.524991835810049823e-01,-2.033036368681595193e-02,2.133519573785991330e-02,-2.180663259036302593e-01,1.754135580390069615e-01,-4.454872695542025363e-02
-1.500439731282960654e-01,-1.721731972912428632e-01,-5.575985073825158456e-02,1.482550955156399786e-01,1.261826741804466523e-01,-1.883954990915155947e-01,-6.591322432682146515e-02,8.793237866908484857e-02,1.098073692914139921e-01,-1.835074660468140884e-01
-2.538036484728614650e-01,2.933816674831274951e-01,5.239198434315399389e-02,-4.880818831471511049e-02,2.014276682257200857e-01,-1.589809733670246028e-01,1.662479740098543879e-01,1.202911874414463872e-01,9.498694769864009582e-03,5.219408242622879113e-02
-7.742691628587153319e-02,2.531325577049195474e-01,-1.379271191800471585e-01,9.089001320583760257e-03,2.816123998641164583e-01,-3.861201976594160201e-01,1.013045044967470359e-01,-2.369097104962616940e-02,-3.173880613393323391e-01,-1.930452100757084899e-01
1.085490995187087188e-03,4.499272196467769130e-02,-1.192399901620093267e-01,2.548450103628647767e-01,5.253946672140087648e-02,2.438006505246810285e-01,-1.718154282121449883e-01,2.127543222932379019e-01,-3.057987659665959979e-01,7.120401478642113735e-04
8.190476170224086916e-02,1.937707357336670988e-01,-1.843364552601474970e-01,1.826252093497673090e-01,1.120053320214588199e-01,1.684775548038498494e-01,-1.103989528054137165e-01,1.342813153176153074e-01,8.306139241478839585e-02,-3.044928585584349978e-01
5.841763323572175814e-02,2.000375454206525516e-01,-2.052324627445986371e-01,1.358142812178727843e-01,9.423746435733035276e-02,-6.656476976494335625e-03,-4.255753259273226674e-01,-1.476250538926578981e-01,9.105840643438688209e-02,6.343666405407721864e-02
-9.995703178121997934e-02,5.553527498349225544e-01,-1.628772558569475948e-01,-3.969934344718115821e-02,-9.693081992736437419e-03,8.433146478646938449e-02,-6.956077284352979711e-04,4.376504464722560245e-02,-3.761155109995603651e-01,-1.753630622308362808e-01
-1.156868205204944211e-01,1.219646569701897526e-01,-3.583705962419039825e-01,1.652107997099943326e-01,4.530057541609666671e-02,-7.344526931489647747e-02,1.316769095424113745e-01,1.073001232624174461e-01,-9.802246404997320972e-02,-6.325612429013238724e-02
3.284536302642106220e-02,2.053080088302486339e-01,-2.309837797600021447e-01,-9.127938540908907272e-02,-2.119903562617186585e-02,-1.128658419777613664e-01,-4.083431385070628861e-01,8.335678635866394792e-02,-3.199766356296431247e-01,-2.500406839847691964e-01
3.562463562682692542e-02,-5.866439183150953113e-02,-2.098340429836394738e-01,4.984050705480425059e-02,1.529731326966427829e-01,9.322613142017202592e-02,-1.173216679248864081e-01,-4.041016249852104059e-01,-2.769525153367719539e-01,-8.668356713285882420e-02
-1.872279206971331489e-01,3.728443443264371493e-01,-3.147807063472543576e-01,2.427193576084352988e-01,1.430131517688925380e-01,-8.941530941233719054e-02,-2.083178411373095840e-01,-4.234973414838432149e-01,-2.631264429296061302e-01,-2.558347077077901231e-03
-1.694046909597007045e-01,-5.514648241916076526e-02,-1.120276705961561620e-01,-3.858437881566678662e-02,2.935603731272872774e-01,4.106203625023573806e-02,-3.752162875448776247e-01,-7.912539429136961067e-02,-1.075577478258703396e-01,-5.301695492735458703e-02
-2.698696357951687608e-01,-3.526287478437110656e-01,-2.655113995494880544e-02,-1.826108041819392014e-01,9.142456419059982742e-02,-1.854150132096134551e-01,-1.144369679901690445e-01,-1.464839335394036157e-01,4.379533281389216826e-01,-3.918745783445508508e-03
-2.596955612390297596e-01,-4.500004976760910158e-01,-7.667563752409696509e-02,-3.692569259222211464e-02,1.115149768116436083e-02,1.761991354583787306e-01,-1.157050742908277835e-01,-1.693189438439885244e-02,-9.912091612177591216e-02,1.015265577399030450e-01
5.458232953554852107e-02,-2.430367974227897188e-01,1.675878156852950440e-01,5.040252171620245719e-02,3.076020263252842932e-02,1.307948864026056701e-01,4.814362061945674093e-02,-1.091317319570843936e-01,2.528132526531458590e-01,5.849032512096410952e-02
-1.568970276916774875e-01,-5.193439983271547211e-01,9.713705890264444365e-02,2.082365448049358636e-02,2.060476232573975677e-02,8.704611975469789265e-02,2.771413920002622697e-02,4.792986703300226164e-02,3.582650943866967919e-01,8.132433589099630211e-02
-2.376241285146621085e-01,8.818859686436671119e-02,-1.134449704700277450e-01,2.050385318165316717e-01,2.224251967248496234e-02,1.815211052063945285e-01,2.306366849973025823e-01,-1.107855508497782859e-01,1.105561081804983109e-01,-1.409722974405389906e-01
-5.367149456334388558e-02,-8.374185059260845498e-02,-1.715958342739355713e-01,1.729385520533523735e-01,1.846432186245304530e-01,-1.829404119188788869e-01,-3.269371259104446314e-03,-5.742967385941168817e-02,2.073106590650157857e-02,8.668931965745224622e-02
-2.008392373431909864e-02,-2.594885796126356059e-01,2.320359548513852010e-01,-1.786943008642333242e-02,1.722066724340167998e-01,1.036326565331225635e-01,-9.102511011595011692e-02,-4.964967647514905574e-02,1.191322221388894792e-01,-1.947391997982061695e-01
2.363082525143871682e-01,-2.476352566307698788e-01,3.046370027312789719e-01,4.059613946450288391e-02,4.977070970138583461e-02,3.208730515966314312e-01,5.915168714777736293e-03,4.795723380529821195e-02,1.587551887796770367e-01,-8.686336837517555365e-02
-1.644467939734898521e-01,2.236228316434143992e-01,-1.188794515579930794e-01,1.247648301407840166e-01,2.468248195251078816e-02,3.133222876998737472e-01,-9.881111727410855916e-02,1.626895834021711285e-01,-3.348182584398231021e-01,-1.224854792099801248e-02
1.086135069561115218e-01,4.545527002543266887e-02,-4.900681146192729931e-02,1.919074675825832299e-01,-5.679430975288428385e-02,-2.625373656335136530e-01,-3.320137328246958730e-01,-1.533559501030120342e-01,-3.649175945891094952e-01,-1.404923495371852848e-02
-7.283145576342220373e-02,2.400504400062281607e-01,-2.236775481967203938e-01,2.060315618695145179e-01,5.980364180746057523e-02,1.706623723826306005e-01,-7.982599467054084241e-02,-1.037963726311519896e-01,-3.156915953437066658e-01,2.463620358888153616e-01
-1.708008159619295030e-01,5.733987224631371948e-03,-4.209397111989481022e-02,1.645093558071102080e-01,-1.128307926457145227e-01,-3.242611124321207600e-02,-4.913446164997078286e-02,-2.286004618941317179e-01,-2.269698038457490241e-01,-2.938364009516971145e-02
-1.197741645469572458e-01,-1.156091433854914280e-01,-1.437243311768865717e-01,1.939228707905364113e-01,-1.802596021455757022e-02,-3.602445122614491430e-02,-5.552316828827925238e-02,-1.328906325289742341e-01,-3.082634960787873912e-01,-2.202709502178860357e-01
-1.733729086147191290e-01,-5.096839889881227964e-02,-2.756897610113228647e-01,8.513516431414490382e-02,9.770089720578004067e-02,-3.374681334791769793e-01,-4.711731807177214626e-01,-3.872141942314112351e-01,-1.947962902177971800e-01,-1.896128955271483008e-01
-7.749348559604130049e-02,-1.439974576438553533e-01,-2.923281533179019065e-01,-5.060428908518409957e-02,-7.607356278768693039e-03,-3.973244759671852866e-01,-1.087622490859762175e-01,-2.629074243223235574e-01,-1.454320038564175556e-02,-2.042418584318257124e-01
9.404465928257221830e-02,-1.853308924108704181e-01,-6.557709946429828712e-03,1.935299187827749928e-02,2.674481410849697260e-01,1.559311678253718636e-01,-2.808780987533762152e-01,-7.553405707123700408e-02,1.732745195524315329e-01,2.558049929565959710e-02
2.015379806286668185e-01,-4.376368872980261338e-01,-1.606545862772620070e-01,-7.516970991553213743e-02,-5.917160859689403474e-02,1.607977059144224397e-01,-3.157485825243581679e-01,-1.375182782303440987e-01,2.084415804694194907e-01,5.686433787191556843e-02
-4.814607417656129561e-03,-4.470141123983328857e-01,-5.767111313617974411e-02,-5.847619585083418253e-02,-1.266672610886528660e-01,1.184174598176646609e-01,-1.473330245150845375e-01,6.772256506227808392e-02,-1.170293895878897900e-01,6.404371097741623498e-02
-1.088152596749470367e-02,-3.520499393532742771e-01,-2.246795736872521029e-02,1.768123833645059706e-01,-1.786906257369877057e-02,2.141626877507374349e-01,6.317641397732296459e-03,-1.676633752525896470e-01,-8.693060490760477765e-02,-5.495401506948154047e-02
2.973566382427280178e-02,-3.021484565161964286e-01,-1.392017104736653355e-01,1.227093527751388774e-01,-5.619487180084783984e-02,3.264513913743354867e-01,-1.321602882193696760e-01,2.160069239142369535e-01,4.826753242823390855e-02,-9.615878192182558681e-02
-1.887911105059533468e-01,-1.802445290604088868e-01,-9.406138068129681062e-02,8.698736575844044638e-02,2.044895028353672373e-01,1.918389483731003028e-02,-9.442910883037007597e-02,2.114342877665376930e-01,-1.463999367765521364e-01,-1.510800974238036554e-01
-2.948266329107454564e-01,1.672377016158073035e-02,2.325383344321133305e-01,1.644359116531553811e-01,-9.917120297209441881e-02,2.451560451360900172e-01,-1.764663334492303781e-01,-5.115331909146204198e-02,-2.722796648281790577e-01,1.704116401086256671e-01
-4.971518081745333884e-02,-2.517877199891588869e-01,6.409771418197636461e-02,1.028343539138704271e-01,1.860804123657295028e-01,-1.142129239009367220e-02,3.948023311245530374e-03,9.805500010548373613e-02,-2.423498659686046733e-02,4.093533350607279908e-02
1.052148079416329596e-01,3.060284246699534680e-02,4.880936011201420649e-03,1.677427439699212819e-01,2.737315157306282123e-02,1.118807952223865587e-01,-1.756305120183360990e-01,1.060420290048307013e-01,-1.202756697582878093e-01,1.998740561930773263e-01
-2.072630997063951985e-01,-1.785521040020916494e-01,-1.006299378056106225e-01,3.140738514427136863e-02,6.136631870531017441e-02,-4.280620809490095352e-02,-3.606400239381889888e-02,1.466842675324848411e-01,-1.542831367272318455e-01,3.171992684642376686e-02
-2.995304272815670354e-01,-1.647543424616214058e-01,-1.978136551765815876e-01,5.098524217641367540e-02,1.204899102437529401e-01,-5.329806705995802085e-01,1.786186599548942600e-01,-7.946463001329716336e-02,-2.562657567148362570e-01,3.459732951183798477e-02
1.393882060181625693e-01,2.024214126233815358e-01,-1.334146145614514001e-01,8.031818065000022322e-02,1.530894948025419422e-01,3.119421100732464036e-01,-8.027057020371454465e-02,-4.666043673800122221e-02,-1.508480711940600461e-01,2.890327760816852054e-01
-2.474561063777609149e-01,-1.487460833866099952e-01,6.881469103791724995e-02,-3.817870912378004689e-02,-1.063097772517103065e-02,1.298234799926507345e-02,-1.191461823892322330e-01,-1.779210899180819483e-01,-2.430032714090218648e-01,9.065264694144506419e-02
2.063025147841011375e-01,-8.153692248541770382e-02,-1.786260313713336767e-01,5.903935234955517974e-02,-3.852772182738543882e-02,-2.387745609888242138e-01,1.020650396933735632e-01,-1.433384517545927272e-01,-8.679788974088932518e-02,-2.753852012133129953e-02
-1.354976554068696055e-02,-3.920364866671025017e-01,-5.245837794010850264e-01,-4.848659553658349330e-02,2.385407001081285283e-01,-2.861393430393209258e-01,-1.290764108006407229e-01,-3.017572380143771493e-01,-2.290136782030247342e-01,-1.037680669573475545e-01
-1.146943927577780652e-02,-1.093806071720911516e-01,-3.210508439344400000e-01,-1.164886461231298825e-01,-5.890388459103144958e-02,-2.614812226481946222e-01,5.389534146124367320e-01,5.426233351898634288e-02,1.320155059750637017e-01,-1.129236287414783768e-01
4.292424056778397501e-02,-1.992078537989951381e-01,1.779749478198570586e-02,1.001769488463995633e-01,5.022829926901932474e-02,-2.049196483279815961e-01,-1.645678678091626879e-01,2.805675036657545585e-01,1.832915763582348145e-01,-1.348291652273550245e-01
5.028081959932878542e-02,-3.033865556986940770e-02,-3.068899486993900694e-01,1.191531592131246514e-01,-1.393047494600709590e-01,-1.887816574475694939e-02,-5.358077764070384025e-02,7.669635455547443859e-02,-1.292956618756812281e-01,-8.546406881972767877e-02
1.466759662757664284e-01,-3.699532484275438321e-02,-1.183001517049603879e-01,4.822450954570556281e-02,1.845194757024480950e-02,-3.566950275427934192e-01,-2.725895776250156777e-01,-3.938014278140235941e-02,1.732889997972185403e-01,6.185194487693802812e-02
-5.830720189510518736e-02,-3.009834329616396797e-02,-1.078845190782282311e-02,-5.097923590895634544e-02,3.043410382116091065e-02,3.242294033888803440e-01,-2.431395339550738652e-02,-1.109908812295072773e-02,2.504376022553417291e-01,1.160852113405992925e-01
-2.572016644507779670e-01,-2.972604398878424866e-03,7.372004230541868985e-02,-3.616499370889327686e-02,3.329443583295899067e-03,5.247995022431505285e-01,1.037864245797979063e-01,5.335430704185393537e-03,4.762458197216518085e-02,-9.554431217870587578e-02
-5.199803484760490146e-01,-2.975123999682635634e-01,-3.701510468254236297e-02,1.752963886227838775e-01,7.962435046513002823e-02,1.872415295212808695e-01,-1.388190744565967749e-01,-1.694426781119502123e-01,-2.191853550556066912e-02,3.329581384267694955e-02
-1.056612029134076924e-01,8.941879037245582806e-02,5.609526530635852715e-02,8.862400024623214023e-02,1.469129807374604801e-01,-3.006116583148916166e-01,2.126939722753365680e-01,-9.356762208694024974e-02,-2.973772058605917909e-02,6.582267965084928618e-02
-1.553655175382618638e-02,4.338742532640871979e-02,-3.274610298501397926e-02,-6.082657942259291767e-02,1.280272075266724041e-01,2.756178975578557622e-01,6.004042772212530264e-03,-2.380847216955047918e-01,9.233228711559320068e-02,2.509620043570513492e-01
-2.305997512000975969e-01,1.568406951395142634e-01,2.076654866733850524e-01,4.001049448357437560e-02,-1.207302166131760668e-01,2.673226563088005325e-01,2.337858512116661458e-01,-3.258215050493022957e-01,-3.551911365943593579e-01,5.262412746661866703e-02
-2.957462161902313369e-01,1.119076952618551640e-01,-8.745043383916968616e-02,-7.277346140007977249e-02,6.384970705291834192e-02,-3.581234866719599369e-02,1.425514297765746174e-01,-2.637826604389509888e-01,-2.697955500300516785e-01,8.948820040120104846e-03
-3.644400708102842890e-01,1.140340375497767705e-01,-1.991949349650055587e-02,1.123492745029166934e-01,5.451932723795407769e-03,-1.721518901984811153e-02,2.569081889228042037e-01,-5.434274035124713603e-02,-3.051542699716997542e-01,-3.313378153512767932e-02
-1.389653646305661627e-01,-3.883787415554848521e-01,-5.521031310453561325e-02,-8.626611382100636549e-02,7.613904115515366701e-03,7.172741951290062187e-03,9.834574611059627991e-02,2.755915239852554238e-02,-1.995890370948073256e-01,2.240759302920284635e-01
-7.989669389346421881e-04,1.994266380883521483e-01,1.293898874288523619e-02,-5.269126320187689921e-02,5.435234535616269291e-02,1.182519076709070971e-02,8.600851376012029481e-02,1.459714982153696161e-01,-3.492545454686761253e-01,8.817040072027126918e-02
7.681658384844608500e-02,-1.066837218792521108e-01,4.870936986374288513e-02,6.767183465040650658e-02,1.395864291875280327e-02,-1.188634235217008728e-01,-1.488189549103736409e-01,-1.667253202555446234e-01,-2.259221566245257773e-01,3.609572656467056884e-02
-2.234229541047736689e-01,-2.082272824797808952e-01,-5.195732228056586521e-01,3.106714825380638492e-02,-4.567345769456995774e-02,-4.751336300682046931e-01,-8.364498066307431146e-02,-5.097072008544593219e-02,1.727203743310845863e-01,-7.944419204013786207e-02
-2.046371472014326398e-01,1.804958937048962708e-01,-2.131586193866921441e-01,2.082965681300804339e-01,2.408910438550378730e-01,-1.370098443091010698e-01,7.537944313655599304e-02,1.915376109634681773e-02,-5.977784480962980429e-02,-3.809956037178046095e-01
-6.999194493874855150e-02,-2.880513219348239118e-01,2.369446299674170808e-01,1.427393460847818651e-01,-2.478759263976402019e-02,-1.321589024751586572e-01,5.928318097535834746e-02,4.072835853222614988e-01,2.648198544407264765e-01,-1.358993887196270622e-01
3.258090980564121164e-02,-3.593961385505187872e-02,1.893791826053723704e-01,2.551884784758647745e-03,1.511224128447436199e-01,-2.434136301436869987e-01,1.865408081390820538e-01,5.409135865394033155e-02,8.256261442897476488e-02,-1.990743577254253383e-01
2.421665634716297644e-01,-1.851795437285213008e-01,-4.924243206845808907e-02,2.795321708770304864e-02,2.050995449986100783e-01,3.914552151595548923e-01,-1.657929860410567169e-01,4.371823494860735959e-01,-1.397905109022317405e-01,2.829680080904800263e-02
3.727383946251783264e-02,3.855957604580894510e-02,-2.908787487974100541e-02,2.771198926198302215e-01,-3.479677428906924330e-02,2.745000533639447293e-01,-1.051026665217007355e-01,-7.725835387032597978e-02,1.264463346376432269e-02,-1.534024801496970125e-01
8.918715340630375965e-02,-2.599097358928441001e-02,2.513549240001881069e-01,1.378813266154240991e-01,2.765586599207296437e-01,7.521423495857699690e-03,1.268850941170819313e-01,-5.706289749064955702e-02,-5.455912816589592040e-02,1.049971633620650768e-01
-3.851804798492877158e-01,-2.612871568509449530e-02,2.006929613324255623e-01,-1.421838657018993091e-01,1.734156895130657683e-01,-5.183054513869495700e-02,-1.348516303662698063e-02,2.843569929170860350e-02,-6.702112995940187612e-02,4.620179961818648463e-03
-2.063806375572866669e-01,4.160821249282171258e-02,-9.641836242072203411e-02,3.556852600903762790e-02,-9.038929105538087705e-02,2.001985316535541681e-01,-5.379710653864213515e-02,-6.946300410031744366e-02,-8.493905866145025352e-02,8.466360072448744778e-02
-1.724974539606816404e-01,3.444592611893038808e-02,3.781635780113512535e-02,-5.257724946677696382e-02,1.763177360033575669e-01,-2.826415407429643811e-01,1.133835126269234078e-01,1.895068025949219470e-01,-9.020239830896671640e-02,4.505267506607549266e-02
-1.188883329834823921e-01,1.779830455423167188e-02,2.619559205872967408e-02,-8.495334923163384844e-02,1.694318547336542691e-01,2.168602263094075375e-02,6.688068889320973598e-02,1.168190026226591516e-01,1.039884582325619616e-01,1.379511245552869289e-02
-1.872362353216971698e-01,4.436818276970937863e-02,2.282933240700782129e-01,-2.498967211523663023e-02,1.127949580509967353e-01,-3.737058238033264240e-03,5.699692598786879755e-02,-2.252773061614873375e-03,-3.447925963702556940e-02,1.421277098959694285e-01
-3.528757049984854177e-01,-2.923694879477864439e-01,-4.653276659651123248e-02,1.833895982660560253e-01,-3.506782299935028158e-02,-6.048129192166703388e-02,1.837707878184835497e-02,2.185438949145154519e-01,-9.068120091154642515e-02,3.138323488631612063e-02
-1.341146587939456014e-01,-2.863629707919425615e-01,1.377278537128200642e-01,2.788537833897739709e-02,1.659178342918787574e-01,2.633826599722531303e-01,-1.893523171646519787e-01,-3.226490089142202561e-02,-4.027961130963543870e-03,-3.135129479442200218e-02
1.445119160856264164e-02,1.618473073262720052e-01,-9.234516335514653118e-02,9.087492148035226924e-02,2.335177393115479838e-01,-2.052027476512963133e-01,1.342314226265811372e-01,2.482288483890229824e-02,-1.873526380143479900e-02,2.317744382096327549e-01
-1.380913724512670970e-01,7.527870177122293616e-02,2.175555518797344379e-01,1.324599880614798220e-01,-5.296220418790822948e-02,1.345953212204906158e-01,-5.374546935091458616e-02,4.307664791355992479e-02,1.209688134271822563e-01,-5.783285281607762618e-02
9.596705536549269069e-03,1.111346498516837915e-02,-2.453409195408262911e-01,7.555832396286606134e-02,5.608171733869617148e-02,-1.036062186879469112e-02,1.958550505092058469e-01,3.851613855437176909e-02,1.841053356894275239e-01,7.542778158469826133e-02
-1.593868395230262636e-01,2.023502063173830343e-02,2.154858105938674273e-01,1.257026747236732189e-01,3.243549762403226122e-01,1.246917063041565465e-01,9.145645409231957512e-02,-2.526506772340429696e-02,2.657674740886052933e-01,-2.044718296020852921e-01
1.211828277270735055e-01,2.867237540580986899e-01,9.616917808667589662e-02,-3.563550120038669333e-02,1.687100152853988344e-01,-1.049933899231664525e-01,2.774143886950124205e-03,3.553804088424266094e-01,2.781903800087403567e-01,-8.100207818812180105e-02
2.836103211467705942e-01,-5.475199325128762284e-01,1.944580545555336937e-01,-1.812590340428084923e-01,1.270079749588101381e-01,-2.083213127988658639e-02,4.258881450459636731e-01,2.174662806373236779e-01,3.393186876975816113e-01,-3.856540274072433050e-01
4.144859008004907371e-03,-2.545505465574543144e-02,2.344023689728031712e-01,6.071912282682959128e-02,6.782033738073089957e-02,1.246396367105493258e-01,9.301934919459751983e-02,4.750196046889495344e-02,8.423767342241973710e-02,-2.291468177476150767e-02
-1.272806518459470848e-01,-1.806582963489305471e-01,-3.343412426191968295e-02,1.395235496552069132e-01,-9.077523619302035884e-02,-8.280881145889368300e-02,-1.480607892361069100e-01,-2.248596056473781968e-01,-1.516044171448534816e-01,1.171002119578484768e-01
-1.935374255884988737e-01,-8.061724162048565512e-02,-6.211108268941356592e-02,-1.010838816371780052e-01,-4.545457026009823431e-02,-1.720286410510392730e-02,2.627077701166388203e-03,-2.188541882798040461e-01,1.224633962029417038e-02,-1.204576080243036640e-01
-2.464792928239778746e-01,-5.587563952507011017e-02,-7.306305389338501460e-03,-1.102477958079668835e-01,-1.700903360883947724e-01,-3.597653081136800018e-02,2.390417342963407077e-01,7.476249003422177908e-02,-8.421261791815921882e-02,-2.181979921014885401e-02
-1.712347675781345779e-01,-1.088556362154794316e-01,1.372513028724954565e-01,-1.462741621780195775e-02,-2.722656995902176039e-02,-5.582414931132204799e-02,9.823891215838888302e-02,1.965579228454197025e-01,-2.016079645526425435e-01,-3.477612425721179901e-02
-1.600034365473274878e-01,4.927805666412179292e-03,-3.847862690015783904e-02,7.439489528536451235e-02,-1.067044399372329977e-01,-9.359138119173446291e-02,1.583078539195978685e-01,1.491698172829608315e-01,-1.222986814423329821e-01,1.448677685082845612e-01
-3.597580286338689648e-01,5.353020476347285922e-02,1.776558363957684017e-01,1.342313263578506777e-01,5.861746322058014602e-02,2.346050212069269447e-01,1.944682652329795813e-01,-2.662894952741678284e-02,-1.331703589560762346e-01,2.899449611949279637e-01
-7.195168428300002805e-02,-6.062009282759414988e-03,2.284717910247195116e-01,3.260509958594600549e-02,-9.933243532141000642e-02,3.613098242507104679e-02,1.689700373830086699e-01,-1.011683825096844069e-01,5.186652043634140674e-02,3.732592600965272123e-01
-1.348230702142188264e-01,1.179709700057175042e-01,5.451283838068149423e-02,1.897825356726512147e-01,8.416172999449418601e-02,-8.112918847396727307e-02,2.013321208269239493e-01,1.693197344770831780e-01,6.725971566784466615e-02,2.842830920643929851e-02
-2.502743211698394976e-01,1.197535587203915480e-01,-1.025170679079627362e-01,-3.732683792643138460e-02,5.717149148913522327e-02,6.177863315286547669e-02,1.091752670582041701e-01,1.937884512094137091e-01,-1.215557837283580689e-01,1.234492002797115962e-01
-1.221037460404287012e-01,-4.945420156423186581e-02,-3.106957997988382333e-02,8.115969020172512927e-02,8.899826614832723193e-02,1.759002112335760204e-01,4.350327188184065913e-02,1.778012731541836200e-01,-2.594554559683938666e-01,-2.380675595824615354e-01
1.599056806936419994e-01,-9.051754893668000068e-02,1.840750465336662700e-01,4.893299035237094752e-03,7.994128384304416413e-02,2.257838667173881486e-01,6.270404714157708226e-02,3.164832547600264223e-01,-1.352403760831257518e-01,-1.461767225962301853e-01
2.384835732011466314e-01,5.383845972879860303e-02,-3.484716914202534155e-01,3.679250652372835495e-02,-1.442714602001239979e-02,-5.933252094309894066e-03,2.697060766293550849e-01,-2.049136110475865691e-01,2.748285585350669913e-01,-2.951621054118634957e-01
-1.859285679051468076e-01,5.606216682452409145e-02,-1.410421816164905418e-01,1.436601104877177071e-01,7.030933010665674221e-02,1.989777938357767222e-03,2.675567136649082411e-01,7.008985495697778179e-02,2.347849718881199477e-01,-2.432834495669799202e-01
-1.973203823646956512e-01,-1.311873475823965296e-01,1.400282434402626112e-02,1.769232977183708144e-01,-7.898995286602372712e-02,-2.182225367543554895e-01,3.944378510162554474e-01,3.759842197594776697e-02,-2.753037894435474489e-02,-1.623474503531105728e-01
-1.243824189511364559e-01,-3.122307056926855728e-01,-1.875702953017370500e-01,5.176405828307065887e-02,-1.433739591669848379e-01,-3.163620385667935131e-01,4.860056875146041011e-01,2.163041770698823363e-01,-2.372640507634478022e-02,-3.352881426988277846e-01
-1.739360074960080993e-01,-2.840316734996453998e-02,1.763318748194670771e-01,-4.788789417216237493e-02,2.096630520952540710e-01,-2.351569400682791966e-01,3.119209026447788413e-01,2.385067853533424376e-01,1.975162305416493236e-01,-1.919639142471372614e-02
-1.622688144767367724e-01,8.908598107098757157e-02,-1.029100547900656075e-02,-2.016311332725816141e-02,-1.554498346219646276e-01,-1.516373080013074665e-02,8.945082703085850684e-02,8.102791233097029339e-03,-3.300795902562841250e-02,1.959328943391020206e-01
-2.182738315172324806e-01,-1.589779484401716500e-02,-1.601433340279353745e-01,7.447053696420792568e-02,-1.041325865278246443e-01,4.202829337536655857e-02,-4.379755364631304076e-02,7.885377297981660538e-02,1.581847975030271358e-01,1.676516897358736047e-01
-1.452581788847361610e-01,-1.748608424557051011e-01,-1.849813433000649654e-01,-9.759569791820275897e-02,1.157340413821812963e-01,3.307969289384425637e-02,1.835901099721014285e-01,1.900622875094692132e-01,8.930832969691775147e-02,-4.218295050167105570e-02
4.162305591909884646e-03,2.570884923639996655e-01,-7.444283969699945491e-02,1.179324755452142298e-01,-9.337838831124806172e-02,-1.650629761047228694e-01,2.674100626901393385e-02,3.025409145075337869e-01,-3.037296604273967762e-02,1.573521758383121527e-01
-1.912508797869423016e-01,3.943346660213863930e-01,4.958611355696027068e-02,-9.141930665665153055e-02,1.859412459178893251e-01,-2.125876098224946942e-01,1.857795395738162381e-01,1.496520654733296818e-01,-6.469737370998900582e-03,2.526571221694904334e-01
-1.803953219565503086e-01,1.753757522533936361e-03,2.393771556095854527e-02,3.388668738612540809e-02,2.135836268619340228e-01,4.996408047409642977e-02,1.394841688277599079e-01,1.949040492237447174e-03,1.264199901364016221e-01,-4.995615920454084258e-02
-3.668197369802770891e-01,3.644305247631038532e-03,2.982308435175134442e-01,1.200287829688838764e-01,1.760748045674714046e-01,2.572686521556352135e-01,-6.332998296849638893e-04,1.208394660169120338e-01,1.149199341000488143e-02,1.279145155427850733e-01
1.353288974867683687e-02,3.872710433125339108e-02,-1.422566225483710978e-01,3.144253515663628790e-02,2.385435044577165764e-01,2.303424185092914911e-01,5.584038844782456268e-01,2.050453851501840841e-01,1.714765034492823637e-01,1.163223677269597522e-01
-2.186402377743454084e-01,-9.992691800520246692e-02,1.457110022334130173e-01,-5.881516664220608898e-02,-5.546967026083672592e-02,1.870809197413980107e-01,4.444024774127702110e-02,1.236994301952341752e-01,2.035357485513069886e-01,-7.142175290211044691e-02
-6.409845938792216313e-02,-1.738792022908467461e-01,1.155452615450614819e-02,1.802869511743853403e-01,6.991525592678296541e-02,4.514985584057779749e-02,2.911273693738144000e-02,1.504181730661935668e-01,9.919327463129003208e-02,-1.243431354162838481e-01
2.936593128486032420e-02,-8.190614855823284690e-02,9.959317249942099826e-02,3.694205057768212147e-02,-1.701401276471517232e-01,4.352768469774164761e-01,-9.495513368912376906e-02,-1.281247205625651031e-01,-2.321668867092722965e-01,-1.436101418999185808e-01
1.065778662724441161e-01,-7.921721492672692197e-03,2.037754817487744952e-01,5.923342197208939647e-02,1.503316425142481594e-01,2.964771039437064659e-01,1.387668017632977813e-01,1.444944946626689763e-01,-5.746242595790963803e-02,2.674756433817789339e-02
-1.733962059612794981e-01,-1.956491163237734573e-02,1.126336566293704294e-01,1.362380236362799868e-01,7.550615816653077905e-02,1.621207010588273101e-01,-5.051293440307733779e-02,1.538906036352599427e-01,8.807617171768215847e-02,-2.788939981173897964e-01
-2.586297330218944590e-01,-8.010969946735597980e-02,2.252864331679822751e-01,1.921351540942221880e-01,-1.659525414538947363e-01,-3.834929334141616297e-01,3.279393478747045232e-01,3.059994130159854331e-01,-1.861048124628479281e-02,-1.517258990189253309e-01
4.258903718288389872e-02,-3.118717935987072587e-01,-1.159125192500489038e-01,-1.776162987470458199e-01,7.105531204369749942e-02,-4.647554048111731673e-01,4.509780758774339371e-01,2.765078996793636779e-01,-2.430161494778015074e-01,-4.162603650166232239e-01
-1.965179713958166430e-01,-8.147628800385510461e-02,1.116969704344707298e-01,3.229019508264081156e-02,-1.105887335204615296e-02,-5.404371864482356846e-01,7.128526452688161742e-03,6.965006000854118140e-02,-6.468554475778920398e-02,-2.148471351867839718e-01
-1.559128704311086577e-01,-4.369804642662106775e-01,2.031575049555493784e-01,1.814847012913170243e-01,2.198998920330405907e-02,-1.997380286664734994e-01,2.984541279471786823e-01,-1.149250865828631146e-01,1.531533283628986990e-02,-1.791242730237843916e-01
-5.339673691381879861e-02,-1.621177183006379807e-01,2.049969303993834646e-01,1.810936646317152510e-01,-4.478888731103974896e-02,-4.369566582621995515e-02,2.431759726152774026e-01,1.058026289138104259e-01,2.504074617642323627e-02,-5.230830689846018011e-02
-6.391013008726859068e-02,3.319427861261458612e-01,1.046861504583054409e-01,7.312832186147948110e-02,3.519928742579618575e-02,-1.506108966122282067e-01,4.570291230468848803e-02,2.288903758597227445e-01,1.911671299877140406e-01,-1.578707706557943846e-01
-5.845580847192318429e-03,-2.634733760449823117e-02,-9.374447537739154235e-02,4.325206934046785939e-02,-8.829834341180645141e-02,-2.318305476075850358e-01,-2.293860786376425431e-02,2.883817728460134622e-01,-2.799946873899697170e-03,2.353421533756910322e-01
-1.011883054025458119e-02,-1.656745893956016943e-02,-2.728575731176780539e-01,-1.226089863245442418e-01,-1.308962141966890924e-01,-1.121652621918139414e-01,4.242443299308715221e-01,2.941984684164935526e-01,-3.562452822734457625e-02,1.059187587082440762e-01
-1.923015295090635124e-01,2.474910997545549593e-02,3.532861339986066995e-01,-5.914661039178983892e-02,-5.602625688093303136e-02,1.933385989869123786e-02,3.704730006497274908e-01,2.314115954673239550e-01,-2.548366302603203778e-02,1.410205322013751428e-01
-8.394852421828066791e-02,-1.480903229925337738e-01,7.002438913894258599e-02,9.419159702878611429e-02,-2.746575196736400146e-02,8.864123242180818596e-02,6.439867063957596671e-02,3.444001979419969439e-01,-1.654244253462067993e-01,-8.251244979226673992e-02
-2.051525922762609533e-01,-2.954377820884245831e-01,1.399942844488338556e-01,-1.357528912598611193e-01,-6.195846999498016289e-02,7.758507442968248791e-02,-1.015997248454282714e-01,2.216420548532880563e-01,-9.807303657142095454e-02,-2.440572349046164768e-01
2.209194953275784024e-01,-2.841198961604772255e-01,2.375364086912407358e-01,1.061057285180192628e-01,4.093774857414941848e-02,2.517050392300519968e-01,-9.043479025516686087e-02,3.783192570188746995e-01,-3.637170509451971828e-03,-1.513373633542195243e-02
-2.596837233543326517e-01,-6.327716807252331543e-03,3.333969621196740118e-01,1.256726688982361118e-01,1.094153073740133375e-01,3.536976717346820148e-02,3.116351694617756629e-01,3.202097096924243214e-02,1.204845237447872870e-02,-2.181668670537539600e-01
-3.842288929396996400e-01,-7.637404251778794062e-02,1.556105246964199773e-01,-1.620618983033011440e-01,1.613120352457950990e-01,1.638940584954376445e-01,1.962123648075842219e-01,1.611556606543448067e-01,-9.152093714710156369e-02,-7.026316440223814852e-02
-3.678029749781183688e-02,-2.416504876130508017e-01,4.045236445304932205e-01,5.080982380345339805e-02,9.216243232554427456e-02,3.269615989241986820e-01,3.189466204741803756e-01,-4.265209708458522070e-02,2.148182649775472186e-01,-9.960704111769974611e-02
1.684749046338216705e-01,-1.013844976211450075e-03,1.019667114726508644e-01,1.959367469409400708e-01,7.350513210543740961e-02,2.327739020077407295e-01,1.900480521623522379e-01,1.388483685606244598e-02,4.316787773588005028e-01,-2.810903431700074173e-01
-2.945309006527155327e-01,-3.917952989133689085e-02,1.761246644964542182e-02,1.444297481532537120e-01,1.089580254824229835e-02,-1.405592688372875876e-01,1.392636973514077836e-01,2.421896062914567771e-01,-1.981247461968490275e-01,-5.478745751270835962e-02
-5.086012697215041012e-01,-8.001863432400732959e-03,-3.530911989177753368e-02,2.382109464984061981e-02,8.827315514921627027e-02,-3.861055454995400704e-01,2.630465874534023141e-01,8.956242703167149877e-02,1.926028829546142795e-01,1.006890779897155475e-01
-2.351513111657986543e-01,-2.582213883617250350e-01,3.201567676824354503e-02,-7.337680942139322704e-02,1.507594886853953764e-02,-6.878157388559190677e-01,5.545806312837496810e-01,2.310110494797977532e-01,-1.548218647151146377e-01,-6.529821308278369041e-02
1.368036688100438825e-01,-8.276711760418987984e-02,1.032759530174930801e-01,1.057971759054502775e-01,7.948862062581396604e-02,-3.627170458650245677e-01,3.111830821015114101e-01,2.217186285524750666e-01,5.987447338422889620e-02,-4.947652452440327864e-02
-2.233137144978772012e-02,1.954171441056648875e-02,1.535103730598267602e-01,4.261415122194009419e-03,-4.982768226584299853e-02,-9.900678689647343655e-02,6.591288664300937183e-02,1.858760428376998453e-01,4.985106760711456586e-02,-1.701525029683856050e-01
-1.542499523442986964e-01,1.003511530818998604e-01,-1.157833909423960778e-01,1.225460147108044934e-02,2.827818355486029778e-01,-3.650252325661004077e-02,-2.884424721152422655e-01,2.488194969534152090e-02,-5.621779813921959357e-02,1.052103199504619141e-02
-4.861560430771404151e-02,-4.864823084602757503e-02,-2.098379288957087294e-02,1.963791622242160029e-02,8.202712476261839192e-02,-1.951002270508094827e-01,1.337146035572331013e-02,2.233942239119019180e-01,-1.047165529909163534e-01,1.444647328885426407e-01
6.148831411487540310e-02,2.002900074972142064e-01,-2.012973713156665789e-01,1.275764981289559952e-01,2.166718864704187120e-01,-5.515499172763507069e-02,5.419750607673189807e-02,2.506404550369671913e-01,-8.036419557248732082e-02,-4.665519439072575957e-03
-3.790356067951058949e-02,6.331746190622335180e-02,4.172236704415097086e-02,6.043095583476069954e-02,1.666334467761347582e-01,1.243672333923449003e-01,-3.212225051547695082e-02,2.560914349784429445e-01,-3.725664211051245567e-01,-1.971835393419979141e-02
3.485601144707022037e-02,-2.050810074082669576e-01,-3.094827742225756961e-01,-7.769154223924706372e-03,-1.467339887862298756e-02,1.913994676489026991e-01,9.969835984544279939e-02,3.921229815476408032e-01,-9.667586285807018565e-02,-6.043796206309920427e-02
-1.370878932711770692e-01,1.844710472384043509e-01,2.503990175749948310e-01,6.979743995358793363e-02,-1.469699962723673009e-02,3.580416547708085706e-01,1.035278283215462364e-01,3.904097327202935563e-01,1.556285694248678297e-01,-1.075914072655882459e-01
1.876778064292450587e-01,-1.011637791913314738e-01,1.525981349961253175e-01,-1.303898226317636577e-01,1.455099785473900620e-01,6.336181479302641084e-02,-7.728621503526364456e-03,3.232106547332074253e-01,-5.441023641673713163e-02,-2.317775929242470723e-01
-5.832300744599185072e-02,-1.144333887480060846e-01,7.673468885457833399e-02,1.228446575640151500e-01,-1.244283792701488117e-01,1.925527710090779165e-01,4.519150298727249958e-03,1.300141523228199592e-01,-1.903293388384418583e-01,-2.187543696693735329e-01
-8.617061975779433114e-02,-7.666062661812576839e-02,1.841383079302276807e-02,-5.164998933872072540e-02,9.869289624701721442e-02,1.928515252860264484e-01,-9.188153714389103721e-02,1.405168770840302950e-01,6.238017259888777033e-02,-2.240427983183289895e-01
-2.191088306366782701e-01,-3.665003283513915133e-01,1.230662355698522031e-01,8.465826992346685287e-02,-7.578599047491346719e-02,2.787651728092412351e-01,1.596202554076746882e-01,2.626612204374487169e-02,8.320618846656206713e-02,-1.512897601204271913e-01
1.582866216379382948e-02,1.163477991826048080e-01,4.273358996368738505e-01,1.455378449334413515e-01,1.011204639903007796e-01,-2.735091765264363942e-02,-2.610093403995387140e-01,2.423082783044540889e-01,6.764619335462900007e-02,2.524211411535716709e-01
-4.562910618069369040e-01,-8.936882403576761058e-02,1.503315601914919364e-01,-9.091090537079161982e-03,2.573065781008563868e-01,-4.036350259788556438e-01,2.978224780591726684e-01,-1.753264943575101598e-01,3.621094771269753321e-01,-1.106244331048895913e-01
-2.005427774193923318e-01,-4.584828899906672611e-02,2.857567621474588204e-01,-5.154624393083810652e-02,1.495393388085798636e-01,-4.187689493140736019e-01,2.695671554075269039e-01,-1.599394234954649441e-01,-4.134859435741634892e-02,6.717876069626127142e-03
-2.269632018580141353e-01,-1.951295408342831883e-01,-5.310946539450939197e-02,1.173057948825895341e-01,2.052471657180752473e-01,-2.653102884214791346e-01,2.129596148950535783e-01,1.801377969354908959e-01,5.283610220785192046e-01,-4.136510060892095719e-02
1.105138506600474579e-01,-3.435913692090982186e-01,-9.776338046572898011e-02,2.258996728408372567e-01,-9.056969322103539111e-02,-3.817635505939321466e-02,2.092476428575234804e-01,3.071392634160162172e-01,7.862725784626561909e-02,-3.107848867627773792e-01
-1.297732256287276453e-01,1.599723268708944449e-02,-1.596766763796395386e-02,2.122435399373037435e-01,-4.727889939538484909e-02,3.160645799630163594e-02,1.535322392450718387e-01,9.031539579826239339e-02,-6.194893421431853925e-02,-1.150565404904688172e-01
-2.381874892071251734e-02,1.008699993553673936e-02,-1.347902478756238531e-01,1.658446554115032279e-01,2.561871114042072461e-01,-2.576882817749545085e-01,3.176893975947778226e-01,7.834815409138021214e-02,6.793771061173034531e-02,-3.867681885411546061e-02
5.739327876767243153e-02,1.565910758557033655e-01,1.948886137617905912e-01,2.280590269272251558e-01,-5.384602341686912930e-02,-2.066017530669090330e-01,-1.016318228042852184e-01,1.518001051929807887e-01,1.398650713479939467e-01,-9.263590603720089911e-02
-1.826701762165740262e-01,2.117773926432566234e-01,1.597459883760230237e-01,2.415261555530682364e-03,7.165680678344860111e-02,-2.612238787731570588e-01,2.172237796608381954e-01,-9.838979595594074534e-02,3.499364363108357634e-01,-2.669959930115791691e-01
-9.057572927189844192e-02,-6.501191531847549943e-02,8.834443688595965127e-02,5.303468979743278938e-02,1.672808980491467257e-01,-1.602802782994929842e-01,-4.236759475114570614e-03,-1.731058955754584405e-02,-9.462120019096754986e-02,-2.140532566085885657e-01
1.786327936057312826e-01,1.236362880123073882e-01,2.811422176675891227e-01,1.398835462342747082e-01,1.468238423030348572e-01,-2.140620640917351714e-01,2.685119781047860532e-01,8.638590108936614054e-02,5.446915501163691886e-02,-3.476283248560574357e-01
1.206874435390011512e-02,2.395684043017167267e-02,4.289900525930220865e-02,1.815971451690722993e-01,1.229401851147337785e-02,-2.283224011439798362e-01,-3.058662930198011859e-02,5.932401632753461079e-02,-1.158798639303072614e-01,-3.389647144168554949e-01
-2.252099583039956776e-01,9.810370833173888069e-03,1.681070536350414424e-01,1.304486538731775003e-01,1.500299430412244117e-02,-1.564201581882750103e-02,1.601531596653336387e-01,-1.822435403960624700e-01,-9.660645707973845864e-02,-3.950539425292781681e-02
-3.053874454863083066e-01,-7.201748310638189654e-02,5.999116498261203301e-02,7.024816133069432256e-02,-1.883558396171443883e-01,1.741046420082588142e-01,-7.630475565846452091e-02,-3.162322858114433727e-02,-2.361193809324780568e-01,-3.186926876394068076e-02
-8.508709254473709183e-02,-2.257930534604749018e-01,2.588662346037080564e-01,1.084216653203090436e-01,-2.980457265995659424e-02,8.004681064689342374e-02,-4.442616444272096815e-02,1.808983187536529480e-01,-1.639529698268890889e-01,-8.903100155441873165e-02
-4.016286339496956403e-02,-7.550070892274098056e-02,1.798775886253498879e-01,-1.848627812136063309e-01,-1.496245975460786803e-01,7.667334883960544301e-02,-2.197099958572301948e-01,-3.773758532552924372e-01,-2.286378980415869691e-02,4.939393817621073879e-02
-3.015324966203822843e-01,1.216643063306157985e-01,6.785564312191329217e-02,9.231642755722439808e-02,6.772259169444873328e-02,-8.973786028537689141e-02,-1.125725607701081460e-01,-2.400600531438457780e-02,1.392288340633331678e-01,2.276841023647152851e-01
-4.369565144716414107e-02,4.443334730714524651e-03,1.573418611888337815e-01,2.838614163053622408e-02,2.141718652384569654e-01,-1.745643333603844605e-01,-1.035420563800241583e-01,-1.670857328058731606e-01,1.793679379101345284e-01,8.384729912859903433e-02
-3.374357854537934909e-01,-1.081985869687021075e-02,9.419986981419938010e-02,1.256266374392669694e-01,-8.276303605724016910e-02,4.137453693795604265e-02,1.764781994550758959e-01,-5.963646773447854772e-03,-2.091727927697993039e-01,-7.953553590055718187e-03
4.715656095981173024e-02,2.709482421519653905e-01,-7.439712049201181732e-02,-1.240892605508808338e-01,-9.322641513555174342e-02,-9.912338248147140041e-02,-1.889975143631994758e-01,8.744220184513398775e-02,2.223936186208077259e-01,1.241630542278372024e-02
-1.320523362574494153e-01,-7.094424489728891337e-03,1.150310008556674340e-01,-2.754143709421544989e-02,-5.197765955610129940e-02,-6.124573326649057625e-01,3.476521708799428789e-01,1.634537652928777229e-01,-2.262135590790704739e-02,-9.674896687655878957e-02
1.645658751086962260e-02,4.427849999056824443e-02,7.527838314181158064e-02,9.257846858029368520e-02,1.245579641126105391e-01,-5.154356514201577921e-01,8.371394964126750715e-02,-1.101891199901395557e-01,1.094351123218158667e-01,2.373860106711006279e-01
-6.302126641628146009e-02,1.980327848930438783e-01,9.917234618038782510e-04,-8.747258080404431146e-02,-6.725986295812846905e-02,-3.700868645152078362e-01,2.222142306365410824e-01,-1.321971588837396461e-01,2.981834963686531004e-01,1.623082455312749028e-01
-1.459695395121405614e-01,6.669853054623255117e-02,-1.833011592768597764e-01,1.505029145792272649e-01,1.385989599838907127e-01,-3.247560701314232134e-01,-4.810146715665988143e-02,-1.015418198620616531e-02,2.601789730628272790e-01,-9.750753220949018307e-02
1.839872581201965340e-01,1.521878206514540310e-01,2.655897397344660349e-01,1.169336657765881887e-01,2.169442216552320557e-01,-1.874347405498599795e-01,-1.512724341828146357e-01,-1.345957044101152300e-01,4.947420758283396780e-02,-2.113330416560330882e-01
-9.438560924245750772e-02,1.692592087432157055e-01,-2.293025622694107833e-03,-5.261766906127701704e-02,3.468688303853945110e-02,-2.252932123640897788e-01,6.305582061820794171e-02,-3.185826211070101333e-01,2.432244254130662387e-04,4.117612203507830387e-02
5.105684803753800238e-02,1.919414919139962872e-01,-2.130637750631476576e-03,9.854007854750944373e-02,1.779763584545716315e-01,-3.446740996020879466e-01,-3.020327177999193036e-01,-4.676585032391524649e-02,-4.971473331103334892e-02,-2.517184374108197842e-01
5.653621711501273517e-02,2.646221452386984807e-01,-4.148205194386775374e-02,-1.172610492172040247e-01,1.872671151719986493e-01,-4.087015086019397114e-01,6.146153777107447869e-02,1.014961040724150776e-01,-8.216715112408524979e-02,3.627396402190566360e-02
-6.427233549008055935e-02,9.882299410166024700e-02,8.248871154391347604e-02,1.165748106748870222e-01,5.318249461208646167e-02,-3.170841005605432028e-01,-2.629702109922930076e-01,-1.512599407314732802e-01,-5.324108550162659492e-02,3.885827767660915422e-02
-1.671655279489734636e-01,3.356791911132616657e-01,7.797056783335289988e-03,-1.853679556410051388e-01,-1.487264013846670008e-01,3.164980098968431937e-02,-1.518218743818721406e-01,3.626877122299050349e-01,-2.791247547623006420e-01,-1.969666836745904981e-01
-6.197486091872295155e-02,3.557971911643415530e-01,-5.225786857009288855e-02,5.282245688466759986e-02,-4.681503583804065560e-02,-2.045171708450647663e-01,-2.440933221678483200e-01,1.474457422310955779e-01,-2.474435780022467835e-01,1.258806797975934103e-02
-1.643217426375810641e-01,1.552608144344237995e-01,-2.661322884988195359e-01,6.077910515797722152e-02,-1.000475131471944418e-02,3.619836949770800089e-02,-7.088191370000680724e-02,-7.071624706840951013e-02,-1.883909960404719641e-01,7.451925343781030421e-03
-2.324553051269241666e-01,3.826084849849523822e-02,-2.669983269318322860e-01,-6.955178226735443670e-02,3.071119597323457850e-01,9.949778115068369511e-02,-2.360147902810717235e-01,3.203502214034675832e-01,-5.631060170539446685e-02,2.771936514147973485e-01
-1.390958668194506587e-01,-3.232979410934384012e-01,1.152327890453775927e-01,2.185279536743268414e-01,2.331936116154458560e-01,-2.244088946067234192e-01,-2.734366931019709956e-01,-2.963131511413100716e-01,3.419869626603405099e-01,-2.964281065061662515e-02
9.183195108382447014e-02,3.293329079835369266e-01,-1.576316234603556896e-02,2.666252631732815015e-01,2.112613960532422619e-01,-6.799538343896077697e-02,7.250353953844930477e-02,-2.413121635270633336e-01,1.176228218388846031e-01,1.484296273903064900e-01
1.197521984488344182e-01,-2.095565732914115784e-02,1.146358527739135651e-02,8.320352569475318594e-02,4.809166033700916498e-02,-4.214667122013175393e-01,-9.691444474393427766e-02,-1.751752337661315745e-02,2.244962926757685662e-01,2.209587346644418526e-01
-6.895615933131833859e-03,-6.514987179257375471e-02,1.473814909219708091e-01,-1.082748308944451038e-01,8.054995392833619317e-02,-1.386533522370895777e-01,-2.678877071338290478e-02,-1.674170358660029556e-01,2.155408366166961312e-02,2.312747939460051694e-01
-1.095029913619857409e-01,-3.029211901256402897e-02,1.280068017746558394e-02,-1.696373825384332040e-02,1.630123208200648655e-01,-4.889239354152424138e-02,-2.648867338999531529e-01,-7.005935457826270585e-02,2.327258672029678122e-01,3.307237648178105727e-01
7.119622231819816571e-02,-1.529199360824489706e-01,2.653048054818102908e-01,-7.904624765458116709e-02,-1.892271851516713899e-01,1.371747205079184018e-01,2.392845700482661153e-01,6.439361635842494325e-02,9.028383727721213392e-02,1.953375884858802036e-01
1.610078150605349923e-01,-4.997029851215086665e-02,-9.422885640905219462e-02,7.986013290320224944e-02,-2.228723922061518967e-02,-2.105947643669581759e-01,-2.404973237844260370e-01,-1.762415249647718840e-01,-5.821488464199291168e-02,1.055986267690786073e-01
-1.260405074445509477e-01,7.821965503706020117e-02,-2.207718526916765678e-01,6.338506114202969999e-02,1.542232589971465895e-01,-9.780472307213156080e-02,9.673978073711121672e-02,-2.106704189881679345e-01,-4.823745449545263630e-02,-7.050678484995720474e-02
-1.488899343624559661e-02,-1.038883714912934714e-01,-1.725927179718645676e-01,1.761877484632986268e-01,-9.872729288746648346e-02,-8.824146282750494619e-02,2.713936428861336014e-01,-3.401810942053568598e-01,1.099078583596566489e-01,1.315129970132721537e-01
-2.010036084202106721e-01,-2.044219520717625582e-01,9.396503177222433056e-02,-9.995065692224038012e-02,-2.576648831382671520e-02,-3.200384332327839698e-01,-2.233852450229033837e-01,-2.418805852647551713e-01,1.223381449098748658e-01,8.419887139231991419e-03
-1.019977413022808976e-01,1.570480117144134047e-01,1.877242932249095497e-01,9.601505731518824444e-03,-5.575543612967097384e-02,-2.487237169006328297e-01,-1.426796897035623457e-01,-1.477739557819174043e-01,-6.093739451753478475e-02,2.066613885334259992e-01
-7.706789292122273594e-02,5.566080773293059086e-02,5.103767580710655283e-02,-2.885374972058314669e-02,2.832236575324649595e-03,-1.138352717787172175e-01,-2.416065331376666958e-01,-3.337445270963683708e-01,-2.749115371585449386e-01,-1.378716828442691066e-03
2.461904380966209727e-01,1.923102909962079998e-01,1.462063438019474970e-01,4.030220519502675236e-02,2.609408004455287047e-02,-3.599352674058461932e-01,-4.280666512663162115e-01,-7.637406848232128342e-02,-2.135499260408469172e-02,-1.489875775168952587e-01
2.928547082290818837e-01,2.372695071218230423e-01,1.364548546854662259e-01,1.782371569182181481e-01,8.159781113031147615e-02,-3.026576471151465886e-01,-2.475503844097646788e-01,-1.211111352425053578e-01,-2.638815964313912521e-01,3.027860247112170722e-01
-1.172304765085803446e-01,-6.260880853555179926e-02,2.539428739398098475e-02,-4.398859885324216124e-02,7.459525539974654063e-02,-1.985175791599820827e-01,-5.122346054981274238e-02,-4.274985781036302196e-02,-1.456792593408094694e-01,-4.984756606999188322e-02
1.562567714675766883e-01,2.352001373314971389e-01,-1.920767195372708736e-01,2.084108451945268503e-01,2.126952669170120991e-01,-2.413313978218617206e-01,-2.887845781376347509e-01,-2.194253375714987075e-02,-1.461356422937933608e-01,1.233175379445698803e-03
-1.368938774887644427e-01,2.476505358755937691e-01,1.549542725800134024e-01,2.616308555410924441e-01,-1.173814818243866520e-02,8.142951827797323405e-02,-5.044077941489087946e-01,-3.765344519837871690e-02,6.291664503156059463e-02,3.750637006694033590e-03
9.400665167110591747e-02,1.970058961967421571e-02,2.169991125520769060e-01,1.798310824303748778e-01,1.802552226153411770e-03,-2.453413902848266825e-01,-2.282912791057040425e-01,-9.321816430642827301e-04,4.923119717631815884e-02,4.296144947607384301e-01
-2.271147761469179682e-01,2.284996834482146966e-01,1.717312421789156940e-01,-8.241363620218801478e-02,2.614628936583165419e-01,1.193094926115427501e-02,1.071602175889595499e-01,-1.424330807023377610e-01,3.477379238120918425e-01,8.085524506927521671e-02
-1.774034526597337014e-01,-6.754092834107956744e-02,-1.935222126357349082e-01,-3.730605346621625185e-02,1.673024732940903425e-01,-7.581964857185630180e-02,4.474032540023876320e-02,-2.552168236131275858e-01,-3.220430161812263496e-03,7.747584047850653022e-02
-1.457781412956211387e-01,-2.481750488543449928e-01,4.245311461965339817e-02,1.208755750744167218e-01,-1.886703734063449878e-01,-2.853029066397571589e-01,-5.289268993206695108e-02,-1.056820478363138249e-01,3.650768111483120859e-01,-5.667418587374379842e-04
-6.709518056162247501e-02,1.184672401769392841e-01,-7.814051384377697362e-02,-7.142230085064073253e-02,1.952956992764132982e-01,-2.839147849039977412e-01,1.043567623590180987e-01,1.325440312180423408e-01,7.093430032395865725e-02,-7.656381018259336702e-02
-1.997837124055621902e-02,-4.865044013182599075e-02,1.022306413731072054e-02,1.222023736745948691e-01,-8.763214728248588936e-02,-2.316034026012774860e-01,-6.620646156313900188e-02,-4.573397487674444456e-02,-5.506896518192905265e-02,-2.930484233006408132e-02
-2.280385629345643983e-01,2.554821418242713693e-01,6.308707608393850086e-02,-1.087547419088420592e-01,1.886345809054655598e-01,-6.799368854139989926e-01,3.000939009841916971e-01,9.181435767844398077e-02,2.440415496922040961e-01,1.627838885658392243e-01
-9.249021957173403363e-02,-2.439200559805770538e-02,8.993886846048464168e-02,1.055588753065267865e-01,1.120636008345779824e-02,-1.118092678813028262e-01,2.057781940262894474e-02,-2.179747890954920886e-01,2.883449366850918127e-01,4.011670034026071363e-01
-2.963870919844771024e-01,1.063478245873828755e-02,-8.246947632835975595e-02,4.068942540126632007e-02,7.514686913408522018e-02,-4.464095876540231100e-01,1.641384656126946007e-01,1.702226441222541020e-01,3.069550092110375217e-01,1.449236408929909514e-01
-2.062321359693511658e-01,-1.183000427319256392e-01,1.720943278106788765e-01,2.941999028875278421e-01,6.230211004987429302e-02,-1.334893072707153405e-01,-1.296010098177595160e-01,-2.597827588756711492e-01,3.034621393058010708e-01,-7.613005251906885922e-03
-6.262396039147112570e-02,-1.166051011637653512e-01,1.982193341226365091e-01,2.158391989320476712e-01,3.258313513060551725e-01,-1.648568844955009549e-01,-1.379963966928851871e-01,-1.072792538566299109e-01,-1.111015004072099105e-01,-1.380042348366436744e-01
9.775031079981444382e-02,7.720259515562362396e-02,-1.204129370721388342e-01,2.073150565889260444e-01,-6.688710148026430144e-03,9.177940192682612630e-02,-3.944456796716253044e-01,2.399682281646981635e-02,5.302471023518588343e-04,-7.599140611863741679e-02
-6.327024711460038642e-02,2.643744175783807604e-01,-2.679953789715814882e-01,-1.139135350207071823e-01,2.409840333823249914e-01,-2.543016718125709272e-02,-1.789049043241555947e-01,-1.456320487380784352e-02,1.467012247036429684e-01,-2.481272815030376722e-01
-1.346782199371963362e-01,1.443146183121871151e-01,-2.259455423183351006e-02,2.357889450440321666e-01,2.366728845043889265e-02,-2.077376595490046385e-01,-2.977702098745338977e-01,-1.261251794252608339e-02,8.671558181820722758e-03,-2.124022875398696997e-01
-1.852917356490351997e-01,2.575446637697177410e-01,5.478852994805537280e-02,1.255390380995234645e-01,1.323505750499834044e-01,-1.822210514955217575e-01,-4.177687002186254994e-01,1.164475842752747126e-01,1.652390465004321130e-01,1.028599304247728718e-01
